35 25
32 31
34 6
20 37
19 34
1 0
18 3
12 26
5 2
30 25
37 15
40 20
31 34
19 12
30 40
28 28
41 31
19 3
11 39
27 37
30 37
11 32
7 40
26 6
39 33
25 40
5 10
13 36
13 38
23 10
5 23
15 26
33 40
36 37
29 40
36 19
37 9
19 33
38 31
9 26
36 6
19 20
3 8
30 41
19 16
27 19
13 24
8 0
31 29
21 18
16 37
39 29
22 27
9 5
32 20
40 33
13 23
38 35
27 39
3 17
10 16
11 5
18 8
9 29
26 15
26 6
24 11
32 41
40 27
37 2
15 30
6 0
23 1
38 41
15 16
10 11
7 5
10 19
2 25
30 12
25 10
13 10
0 8
8 13
35 19
6 10
9 35
8 7
19 35
7 34
32 13
11 11
20 4
17 6
25 20
35 23
24 14
5 6
8 31
14 35
15 39
38 4
29 26
2 33
10 37
29 13
26 7
29 21
11 16
41 29
36 18
25 2
35 21
16 37
38 36
13 28
26 34
19 23
0 27
1 31
32 8
36 1
2 31
11 23
9 15
31 10
3 15
32 8
3 12
34 31
18 25
12 34
37 10
12 26
22 14
31 32
36 25
31 27
40 32
41 11
25 24
1 37
6 30
20 10
36 37
39 36
35 6
14 34
14 18
16 37
25 22
23 35
14 12
3 0
31 10
7 2
17 13
28 4
19 19
19 17
10 13
5 10
13 21
5 17
0 30
0 24
34 39
26 28
19 27
22 26
39 29
26 14
39 40
4 19
22 40
40 30
6 9
24 27
19 28
15 1
8 11
28 7
6 7
14 36
7 8
41 36
41 7
1 26
33 15
20 28
8 15
31 23
4 15
2 37
38 28
36 30
13 21
24 13
32 12
32 2
35 1
36 37
27 18
29 14
12 30
27 23
37 14
41 4
11 15
5 37
19 2
17 38
19 18
31 38
29 24
23 34
22 2
40 6
11 12
11 31
12 41
7 2
38 29
18 17
9 12
30 40
41 5
16 28
10 38
28 36
11 25
39 29
1 24
35 9
31 5
7 17
11 4
8 35
5 27
32 28
26 23
37 14
21 17
32 33
20 29
19 30
19 5
30 21
5 25
10 18
14 8
38 33
34 18
30 5
14 33
32 16
17 39
36 38
39 24
28 33
22 12
34 27
10 28
20 2
9 27
0 40
39 17
30 21
23 29
31 1
20 26
31 25
6 5
39 1
24 19
37 30
31 23
5 32
41 8
32 37
39 31
38 12
32 39
12 19
24 30
13 28
23 22
7 24
28 2
24 27
38 4
16 25
11 20
20 23
4 34
23 2
2 5
20 7
34 18
7 29
26 25
36 38
14 38
28 7
7 32
36 1
33 14
0 37
25 1
16 40
24 41
35 4
8 3
11 5
32 12
24 25
14 38
21 19
41 37
28 28
10 25
38 18
11 23
29 16
11 17
4 10
32 34
7 37
24 15
5 9
14 1
33 38
27 18
8 10
25 11
38 23
15 4
1 27
26 39
38 11
36 15
37 1
27 31
26 29
25 24
37 0
11 23
41 22
29 38
18 24
24 5
2 24
3 22
33 8
5 39
1 21
30 22
8 2
1 10
26 31
37 30
0 29
33 22
20 33
7 12
14 6
9 25
39 24
35 13
3 28
9 2
22 22
34 30
37 9
31 12
35 20
13 6
18 3
9 10
19 33
2 7
24 34
36 3
5 35
24 9
6 27
34 3
29 38
27 30
35 37
21 17
16 21
10 16
38 12
20 37
14 13
21 35
35 20
17 37
23 17
16 36
5 24
10 12
29 20
22 15
30 23
20 4
3 7
39 23
9 23
33 2
23 1
1 19
22 23
7 12
1 6
6 15
18 5
37 10
3 23
24 7
25 26
7 5
27 31
8 8
18 18
17 32
36 22
10 19
30 9
37 4
13 10
10 13
25 41
6 26
2 31
2 25
9 10
9 24
29 22
33 12
28 4
6 15
16 39
32 34
23 9
31 29
29 3
3 40
38 8
19 9
8 28
18 41
12 8
0 20
8 15
36 36
11 11
29 22
19 26
36 27
22 35
34 13
37 20
14 7
11 14
0 32
39 21
30 23
15 16
5 6
6 9
5 38
17 23
22 36
39 33
34 1
37 17
12 12
37 3
21 38
9 29
16 17
28 33
34 19
38 19
18 8
12 31
30 39
22 32
29 34
15 28
33 39
35 16
16 7
30 9
13 1
1 3
25 25
9 16
9 26
35 36
14 13
36 2
18 16
31 10
36 12
32 20
23 8
14 1
16 15
0 32
6 25
38 2
16 15
2 21
11 6
28 36
19 41
21 15
22 37
18 5
40 18
16 21
9 28
22 30
12 31
12 5
31 36
20 1
34 8
1 27
10 31
27 22
22 24
35 25
19 18
2 31
17 38
35 19
29 13
4 10
38 31
22 9
5 26
6 31
41 34
31 7
37 25
29 11
25 38
19 27
27 12
27 35
34 8
35 4
38 30
6 37
6 31
14 19
26 11
29 39
38 29
30 10
40 26
4 29
16 0
19 6
33 0
3 31
17 20
19 11
28 25
40 2
33 12
27 12
14 32
28 12
0 0
16 13
35 15
10 29
21 11
41 10
23 30
19 1
41 35
1 14
4 19
15 31
11 17
39 10
16 20
40 28
16 5
20 29
27 20
21 33
8 39
28 10
5 7
25 27
9 32
40 24
40 20
27 26
37 29
17 20
21 12
27 26
29 34
31 38
34 0
29 18
41 13
5 5
0 36
25 25
30 1
36 0
23 18
0 39
5 1
35 6
5 32
38 38
18 16
40 25
5 19
13 20
26 14
21 16
13 7
6 9
39 20
37 12
28 8
38 17
13 40
3 31
28 24
40 19
30 18
3 40
0 29
8 24
7 28
0 1
0 26
3 28
4 14
3 11
37 32
24 41
6 21
12 24
24 10
23 6
14 16
7 9
29 38
5 11
36 6
9 38
7 3
23 7
27 10
34 5
15 35
10 28
5 26
1 27
28 2
35 4
17 4
35 15
13 6
17 0
6 15
34 1
34 23
19 27
30 38
38 14
12 0
20 16
9 6
20 21
12 14
16 16
5 20
41 28
17 6
1 17
38 23
7 8
18 4
18 23
20 33
26 25
12 26
1 34
12 39
21 21
14 1
5 20
8 11
4 11
35 3
2 29
26 23
0 9
26 10
39 36
20 37
26 12
9 36
30 16
20 15
15 30
17 9
34 19
39 17
18 13
41 5
32 41
22 10
36 22
29 33
21 25
26 7
26 24
23 26
35 6
15 5
22 7
30 20
29 7
10 24
12 26
13 19
3 4
21 10
10 4
40 32
16 11
29 23
6 2
26 14
17 41
4 6
30 0
34 2
6 40
17 13
13 3
19 32
2 33
3 1
33 8
37 38
38 32
38 23
39 4
15 34
31 33
15 3
12 3
15 11
0 0
9 41
31 22
12 9
33 40
11 1
9 22
22 16
22 33
10 27
25 40
37 14
12 31
28 32
36 31
6 10
5 3
15 21
2 5
38 25
33 5
33 8
0 34
23 27
6 21
38 35
36 12
12 18
7 31
12 38
36 18
22 2
4 13
36 14
39 38
27 26
28 40
23 2
35 34
12 1
7 8
34 16
31 4
17 35
11 36
37 17
4 35
35 36
33 1
15 27
10 26
34 28
15 7
20 40
19 23
25 7
13 16
34 8
37 24
18 9
10 11
31 5
38 3
38 13
10 3
33 39
1 21
7 21
30 37
29 32
29 13
30 32
12 37
26 35
30 30
24 9
11 7
11 20
30 41
23 20
32 20
28 22
3 1
8 6
0 22
22 3
32 33
32 0
27 27
18 18
2 14
39 13
2 21
35 18
7 33
27 35
31 38
33 39
38 11
36 34
0 34
26 14
14 40
11 9
26 31
9 11
16 12
11 40
25 23
21 14
2 3
15 26
40 10
20 18
34 7
4 9
26 34
10 37
17 29
26 17
39 12
36 1
17 19
27 28
5 39
26 0
11 32
4 6
34 24
8 20
27 2
0 26
4 15
10 39
13 36
22 35
15 2
8 13
32 27
9 27
24 40
1 12
25 30
38 12
21 17
31 34
35 29
34 35
38 27
20 29
22 15
18 39
34 30
5 9
41 4
11 23
24 38
22 34
36 26
23 0
19 4
36 22
16 15
28 18
34 30
1 38
22 0
33 28
38 31
22 33
2 28
21 5
13 17
5 12
0 17
37 35
8 19
7 40
31 27
6 38
36 33
14 21
2 28
31 27
7 30
39 21
12 6
2 16
3 24
34 34
24 35
2 37
36 26
33 2
26 29
38 4
29 40
10 38
20 14
18 14
2 40
30 5
25 29
19 27
35 14
6 20
31 41
3 15
6 18
14 16
17 7
14 37
34 27
11 34
16 11
9 18
19 16
35 22
31 36
36 2
0 9
8 33
15 22
30 38
36 21
7 37
16 29
19 20
27 30
24 21
33 34
