2 30
6 27
3 38
0 40
30 14
30 22
4 23
35 21
35 12
13 17
12 8
40 36
22 23
40 37
7 10
34 12
26 38
3 5
7 41
5 40
31 6
18 36
20 32
28 25
34 32
31 2
4 19
19 5
7 8
23 21
34 25
23 27
1 40
4 1
22 27
23 25
21 10
27 20
11 34
11 27
6 34
38 21
21 33
16 7
22 18
8 29
0 6
20 17
16 15
4 13
35 15
4 23
11 22
41 26
0 14
33 23
28 28
23 2
2 29
23 9
22 2
33 5
17 5
0 28
41 29
39 40
35 9
27 7
2 1
12 35
21 17
4 23
4 3
19 27
25 8
10 23
16 17
5 19
21 18
15 15
17 41
31 18
24 33
34 16
29 17
24 11
34 8
18 14
5 23
26 39
27 32
19 39
37 28
35 32
5 40
3 28
9 40
32 23
0 11
9 30
34 11
20 14
19 25
34 26
0 27
2 11
41 14
5 10
1 18
26 18
26 38
5 41
24 25
12 30
0 22
2 41
4 6
29 20
15 39
20 36
28 39
27 7
27 15
29 35
34 19
34 13
19 21
33 40
29 8
13 14
38 32
37 22
39 13
18 22
6 7
31 36
37 6
15 19
7 16
20 32
2 1
10 17
10 3
23 11
29 9
18 28
26 38
38 17
15 26
30 3
9 20
25 2
34 13
1 6
2 2
4 27
21 27
14 41
11 26
32 5
31 32
21 27
21 2
11 37
26 41
14 22
40 28
21 21
24 15
32 28
14 5
24 18
10 27
7 41
11 40
4 5
23 30
3 13
1 25
27 30
25 25
19 20
28 2
41 36
9 5
5 1
33 10
34 7
12 8
33 11
3 35
18 22
29 8
36 33
31 20
2 14
36 25
16 37
19 14
12 34
27 28
16 19
27 20
17 7
23 18
26 16
31 15
7 37
40 0
0 8
27 31
37 5
7 38
27 33
30 14
25 31
33 32
6 20
31 15
36 2
25 23
39 8
2 29
28 22
30 6
24 12
5 31
2 9
38 39
10 33
10 9
41 26
34 16
30 36
30 40
36 40
10 11
6 15
3 34
18 3
40 36
41 14
12 14
11 37
0 13
21 7
10 15
6 38
10 33
24 15
19 13
9 30
33 12
17 2
35 30
33 16
38 0
13 8
31 11
3 23
41 13
0 37
9 19
22 9
34 7
6 36
9 16
13 20
5 8
4 8
15 6
22 11
26 8
34 30
18 12
0 10
32 13
17 10
1 2
37 29
26 23
37 34
37 38
27 26
26 18
37 33
25 1
6 27
41 7
28 4
0 26
30 30
14 25
19 29
33 33
28 18
29 7
41 18
15 23
33 13
17 30
12 9
7 9
41 21
10 17
30 40
39 24
22 26
5 24
35 14
0 32
20 35
33 6
19 33
16 27
6 14
39 4
37 32
25 16
27 40
11 8
14 9
20 28
7 0
39 13
36 10
2 10
16 26
4 15
7 11
30 13
20 10
5 29
32 40
2 20
40 1
4 11
38 31
32 0
34 14
6 3
19 30
31 0
1 30
17 35
32 21
27 40
19 7
5 24
0 35
32 6
3 2
24 31
39 20
21 11
17 23
31 24
10 35
8 9
27 26
37 17
25 6
13 15
2 6
10 31
7 26
27 36
39 41
18 39
19 41
8 13
14 14
31 3
10 39
40 3
17 26
27 15
20 21
10 21
5 23
8 5
10 21
13 25
39 27
7 10
31 40
39 4
33 41
25 16
32 5
32 2
22 20
2 17
16 3
40 9
28 11
23 33
35 16
32 26
37 33
15 9
2 5
28 40
17 5
18 31
0 41
0 17
10 26
34 9
30 14
20 41
4 0
40 27
1 9
6 35
30 21
27 3
8 2
4 41
5 4
15 21
37 6
32 30
29 35
30 2
17 11
17 38
19 11
9 0
18 17
23 13
5 5
18 13
38 18
31 26
26 14
11 37
9 17
13 1
41 37
22 31
32 1
3 14
29 25
29 28
28 22
28 28
33 8
37 16
16 1
21 39
29 39
11 30
17 41
23 14
30 9
34 2
19 8
35 27
29 35
1 17
1 33
13 41
0 8
18 33
0 1
23 28
16 36
2 0
15 39
4 41
13 7
18 7
37 11
17 40
13 31
13 18
34 22
41 10
36 16
14 23
36 23
5 22
13 35
14 16
36 19
34 3
5 38
36 33
10 3
1 38
33 1
6 14
13 26
7 0
13 5
31 5
0 16
36 2
23 0
30 10
0 32
9 17
30 36
1 12
32 25
22 36
23 40
12 38
7 7
2 18
22 25
24 41
27 34
1 30
29 15
19 21
14 28
4 26
19 39
12 9
2 28
5 37
15 16
2 27
28 0
41 12
31 29
13 0
19 26
25 22
7 4
17 32
13 7
7 8
32 7
16 19
33 16
22 34
5 5
9 11
1 10
30 21
28 25
39 32
18 7
17 13
8 5
13 15
8 22
27 30
26 4
12 2
6 12
24 26
22 12
26 3
18 29
20 41
28 5
26 8
18 36
33 1
29 34
27 35
28 0
17 28
19 33
23 2
17 39
34 4
14 32
34 37
16 30
15 5
18 7
25 28
9 2
10 35
7 7
12 22
6 14
15 33
32 29
30 10
30 17
13 38
27 31
32 7
33 5
30 0
7 4
20 41
33 1
39 33
40 41
1 38
30 18
35 31
5 0
32 25
15 5
8 22
18 3
17 5
10 32
1 19
17 22
9 28
21 4
16 32
37 32
29 13
27 15
40 35
28 38
10 32
0 13
6 41
7 11
38 39
16 32
8 3
39 35
18 16
10 8
16 18
8 36
9 5
9 8
37 4
3 36
3 14
39 36
16 35
11 35
32 25
14 0
16 37
10 39
18 23
15 11
31 10
34 4
25 1
11 40
36 21
40 37
27 6
20 38
21 17
28 27
27 36
12 14
2 36
3 5
6 39
23 39
4 21
30 6
20 35
1 13
11 17
27 13
12 6
17 24
18 40
39 16
40 4
15 25
21 30
25 38
2 8
27 33
36 23
23 23
36 31
10 12
17 5
38 16
7 40
25 23
27 34
35 24
40 15
7 35
3 0
6 27
9 8
11 15
37 40
15 41
17 37
40 11
36 24
41 13
6 1
27 14
0 3
35 40
41 6
33 41
10 5
10 34
20 0
33 22
16 4
5 41
32 12
3 25
28 24
12 17
10 38
38 22
5 22
23 17
5 21
22 41
33 13
31 12
22 37
35 11
32 29
19 17
28 27
31 24
13 1
25 26
36 4
23 13
0 11
16 32
10 32
9 16
9 23
33 11
3 8
12 25
23 12
25 37
10 25
23 13
8 3
8 37
35 12
10 28
31 17
20 9
8 22
2 3
6 30
4 21
11 16
29 31
29 40
18 26
15 26
41 28
35 30
13 24
22 8
29 30
10 30
20 39
35 6
10 25
1 37
10 19
9 15
15 31
6 35
9 28
3 3
3 23
19 12
9 41
29 16
3 1
17 26
8 37
28 36
20 32
11 29
33 38
28 14
24 5
32 26
37 24
3 20
19 20
8 11
39 27
6 39
36 9
34 14
26 7
41 20
11 1
16 10
27 30
10 28
22 14
29 4
23 0
17 38
10 37
23 9
24 19
38 33
22 8
28 39
26 13
32 21
17 18
26 37
14 18
32 17
25 14
19 32
2 37
28 41
31 28
0 21
29 8
28 15
32 41
18 30
29 39
35 1
27 15
39 27
12 34
11 12
4 38
31 25
7 9
4 16
1 10
13 30
31 1
35 16
23 7
10 41
34 18
40 31
18 22
28 20
14 13
19 30
7 39
24 23
32 14
13 16
16 2
4 5
31 0
10 41
11 18
20 23
7 0
16 8
20 4
8 11
7 19
12 11
26 39
21 30
31 36
28 39
36 10
13 33
37 27
22 0
26 11
13 10
33 37
8 23
20 37
24 21
9 2
32 18
13 10
14 20
28 39
35 16
5 37
24 16
24 33
30 8
16 20
13 39
11 24
20 33
26 2
29 31
29 9
22 26
35 2
9 7
25 6
31 3
38 27
29 1
17 17
22 3
31 15
9 26
2 2
22 6
33 11
40 39
31 3
7 33
9 11
32 27
10 9
30 8
18 40
9 33
12 3
6 26
6 0
5 13
20 16
3 40
33 12
26 5
23 16
18 41
22 36
19 17
3 5
16 8
19 12
16 18
22 11
24 7
19 35
36 38
1 24
40 10
12 12
21 15
35 6
27 25
35 22
6 6
30 20
20 18
3 25
18 25
30 17
17 23
24 34
33 10
13 38
39 11
23 16
10 18
30 17
14 6
19 15
28 28
25 19
23 38
13 29
18 32
21 3
13 19
23 16
9 8
40 39
20 27
1 7
32 21
34 14
21 10
32 25
38 38
18 18
32 11
12 0
38 35
3 20
7 24
28 0
31 3
32 4
1 19
6 3
5 29
30 34
11 13
29 35
20 25
34 22
1 18
31 28
39 6
17 8
