8 5
4 35
39 12
39 6
20 26
31 21
12 8
33 13
2 37
36 27
40 40
27 12
41 25
5 34
28 20
22 14
32 3
5 19
20 35
2 7
29 14
27 16
35 17
4 19
35 18
39 24
29 23
11 24
24 2
10 41
13 20
29 11
18 35
30 10
40 23
11 31
10 14
27 19
29 32
21 6
21 24
33 13
41 30
3 15
39 39
24 8
31 13
27 41
41 9
24 27
22 10
30 17
7 9
14 20
0 35
5 2
23 3
33 27
39 29
17 33
20 9
33 41
38 15
11 33
13 4
7 26
28 24
5 24
24 14
12 36
32 20
16 26
31 4
33 8
1 8
21 1
18 19
40 17
8 10
28 40
16 35
29 5
15 29
10 10
30 10
9 19
27 38
7 22
28 38
33 35
4 16
28 1
19 8
34 25
10 20
0 31
16 14
27 20
12 15
18 3
24 22
35 26
6 22
41 30
35 31
17 5
40 39
16 36
12 17
41 26
26 41
6 17
38 25
9 37
18 17
39 33
11 23
27 25
5 18
21 32
33 34
35 11
29 28
20 17
10 4
38 9
13 34
19 27
19 25
30 27
31 12
6 8
1 28
26 1
11 1
25 30
28 2
19 11
15 2
7 38
35 25
36 27
12 38
40 40
22 19
18 27
0 41
28 0
0 38
20 26
33 5
41 1
24 33
24 38
19 0
17 14
23 15
36 35
15 16
6 31
25 33
18 32
4 40
40 0
26 2
30 21
17 22
18 9
23 18
32 16
4 30
31 32
12 14
0 21
24 18
6 38
23 22
36 28
24 14
32 38
2 36
10 38
27 30
0 23
16 2
28 1
24 10
10 35
30 21
28 9
5 37
17 25
19 33
10 22
26 24
0 20
20 27
9 26
38 4
7 11
24 14
36 18
41 4
0 36
25 21
41 5
17 40
18 33
36 36
28 2
1 41
11 4
40 32
39 41
39 29
6 34
1 16
20 37
37 32
19 15
11 31
10 41
9 18
39 36
0 33
12 15
14 34
30 7
2 34
10 10
17 11
33 3
36 28
6 2
17 14
1 5
3 30
10 3
1 34
22 27
21 38
34 33
20 12
9 23
27 2
41 23
14 14
20 7
8 1
14 39
28 25
32 1
16 1
14 34
32 6
10 13
31 21
0 36
8 11
38 38
27 16
0 14
22 7
35 11
41 24
6 16
25 31
41 11
16 36
19 9
32 9
28 23
30 37
2 15
38 33
30 22
10 14
12 24
17 10
17 26
21 13
12 31
6 18
35 3
7 34
2 28
6 18
12 4
21 20
9 18
12 8
34 23
11 14
24 32
13 17
24 23
40 9
29 23
38 24
27 34
26 7
0 11
2 7
7 16
10 8
34 31
1 31
15 38
20 33
37 17
18 17
40 18
22 33
2 4
7 23
24 36
26 22
37 41
3 31
34 22
21 1
40 16
16 3
15 36
32 19
21 3
37 12
6 10
21 14
16 36
23 3
39 31
17 1
9 41
26 27
12 9
10 31
16 20
30 9
39 28
25 30
21 16
37 1
20 30
36 9
18 37
2 31
40 13
35 28
32 11
23 7
18 21
9 0
23 19
5 3
16 39
2 7
0 9
17 41
15 38
39 21
31 25
28 6
17 11
37 31
20 26
12 40
3 34
5 0
29 39
19 34
15 0
4 41
5 36
3 30
16 23
23 41
9 24
16 39
13 36
33 31
8 17
25 28
11 23
7 32
4 0
15 36
38 20
24 18
36 40
24 33
36 34
11 2
36 8
16 17
35 7
35 14
16 41
38 30
39 25
25 9
32 16
20 36
40 9
13 26
28 8
33 10
15 31
7 37
30 11
5 13
1 20
28 37
20 5
28 15
5 41
7 32
14 36
16 41
15 15
8 9
6 39
1 39
1 29
21 37
32 23
8 12
31 16
37 34
17 14
32 7
38 8
8 41
15 1
9 32
7 40
6 35
15 23
15 21
31 34
33 26
20 10
30 5
27 32
2 19
29 0
3 19
8 12
5 8
16 32
26 32
25 7
30 23
8 8
14 1
12 36
14 23
18 39
5 38
15 37
17 22
28 8
0 21
27 4
19 8
6 7
15 35
1 26
37 32
18 14
7 18
15 21
21 11
25 6
16 4
6 14
17 19
7 21
33 32
23 41
29 11
17 8
41 4
36 15
5 25
30 38
31 38
41 20
26 29
4 36
20 36
22 38
12 17
0 11
5 21
15 19
21 27
22 30
36 11
10 23
39 24
26 18
40 29
1 25
29 15
4 35
7 7
38 28
38 36
25 26
12 0
18 0
22 35
28 2
27 22
6 41
15 41
38 4
30 32
36 40
35 3
16 30
27 38
22 27
17 33
26 21
6 18
37 13
15 12
33 21
32 19
25 9
29 1
18 7
3 4
30 5
11 1
35 37
15 17
31 38
20 14
7 19
40 33
2 5
0 32
37 12
13 23
2 28
14 32
16 11
33 15
0 5
24 26
24 12
24 8
13 14
35 39
13 16
41 28
19 4
22 15
11 13
32 26
41 30
18 7
37 18
36 14
8 14
37 3
31 24
19 17
3 28
36 12
19 16
39 24
14 41
1 12
6 30
15 39
16 12
36 9
6 28
10 24
22 38
38 11
37 17
12 31
16 4
17 10
13 12
22 14
25 17
10 28
29 27
7 34
15 5
21 9
5 26
26 23
30 21
6 2
1 30
36 34
14 2
22 13
24 21
28 26
30 37
18 6
5 11
28 25
6 36
18 26
33 16
26 37
34 7
16 34
37 29
12 36
36 28
20 14
34 0
6 20
16 28
34 5
12 27
38 39
18 33
9 11
37 31
28 9
22 2
19 39
19 21
32 23
1 36
40 5
18 19
8 37
9 30
1 12
14 10
27 14
28 15
21 23
17 12
15 9
4 1
29 39
16 13
20 41
9 3
24 8
15 21
27 37
3 12
7 34
35 41
40 36
13 19
22 9
30 4
15 0
7 27
30 17
19 30
33 2
14 13
18 28
23 4
6 41
12 3
6 9
30 1
29 40
18 17
18 18
3 7
41 2
15 29
38 26
39 23
8 0
20 17
16 17
3 29
40 14
18 13
28 17
25 39
19 31
31 35
5 14
22 23
41 0
37 8
17 39
4 37
33 15
12 32
36 40
40 6
26 27
16 39
36 25
0 31
38 20
22 9
40 34
34 36
7 39
16 18
4 0
39 40
24 34
15 7
6 2
24 11
29 39
22 7
23 12
29 23
37 38
29 14
26 14
41 39
22 13
29 21
3 5
20 0
0 11
27 30
15 34
8 3
8 11
27 41
4 35
32 8
31 11
10 34
11 18
7 25
16 4
24 1
9 2
15 17
27 40
10 16
14 20
26 4
14 37
40 26
24 18
11 18
1 27
21 4
12 13
29 12
0 36
38 12
36 14
15 32
6 32
9 9
25 14
5 27
23 3
10 35
32 20
6 5
41 34
32 40
3 7
36 14
17 16
10 2
9 2
23 8
31 5
28 26
23 35
27 1
13 37
31 16
0 13
22 22
27 8
34 39
38 37
5 25
32 5
40 11
12 7
31 6
26 16
1 36
28 20
38 29
36 8
25 21
23 26
41 21
32 16
26 18
21 10
25 3
33 7
5 41
31 40
19 37
13 35
26 26
21 20
4 0
40 30
11 36
11 15
27 16
28 16
0 39
3 6
28 30
23 38
12 10
33 6
29 31
29 34
21 39
13 36
33 41
36 27
17 38
4 40
25 34
28 39
14 25
14 39
40 17
15 36
2 30
27 6
7 41
41 1
28 41
26 13
22 41
28 0
9 9
18 32
32 38
12 9
9 35
31 14
7 10
6 8
18 20
2 41
29 9
9 17
35 25
20 15
6 5
9 18
41 18
40 12
35 7
12 24
24 6
11 25
12 38
6 41
14 22
16 19
26 15
28 4
30 0
23 34
33 8
16 4
30 12
4 3
8 17
41 27
36 1
32 39
10 37
17 39
37 1
6 12
3 5
17 9
3 19
37 12
8 19
37 15
38 35
4 40
25 20
35 3
13 38
19 21
26 9
6 29
16 4
30 18
19 22
39 17
13 40
39 23
13 34
4 34
40 20
12 24
12 4
35 4
21 1
15 31
1 4
15 1
10 17
2 26
6 1
28 22
4 29
38 20
40 7
34 40
36 1
17 10
11 41
30 26
17 16
11 24
40 5
1 11
38 27
10 16
17 2
0 31
11 29
5 27
15 5
25 15
30 41
15 2
40 41
27 29
40 38
24 22
36 0
41 11
41 17
32 16
41 1
20 20
18 1
18 5
22 41
29 3
41 8
6 10
11 22
2 27
38 24
5 3
2 35
19 32
21 7
15 7
34 26
33 29
25 11
27 35
35 28
40 37
18 24
10 0
40 5
30 30
13 34
17 2
30 21
1 24
23 27
0 30
36 9
4 18
25 1
33 22
31 2
11 29
40 27
35 11
12 27
29 18
9 7
38 19
32 3
41 3
32 35
