35 28
12 35
5 32
33 27
23 40
13 34
21 25
23 19
30 24
41 2
28 26
22 18
20 33
4 0
14 20
4 31
15 25
15 17
32 22
32 16
36 24
39 38
38 16
6 14
26 13
37 24
27 33
38 40
13 39
4 18
18 38
36 37
22 13
14 1
17 3
33 26
28 23
38 32
2 15
11 38
40 2
8 38
34 35
14 22
23 22
0 35
32 27
40 35
0 4
37 27
20 15
39 31
34 26
15 3
10 22
1 37
39 37
35 32
19 12
37 3
20 9
16 6
30 37
22 0
22 17
16 3
21 16
41 17
28 25
33 23
23 11
0 1
31 25
22 24
26 5
12 22
23 17
10 6
5 23
41 31
20 38
17 17
23 12
22 39
37 36
28 12
4 33
18 22
14 32
37 34
26 39
16 33
40 14
29 9
35 33
41 9
33 9
26 9
36 18
24 21
25 3
7 3
7 4
40 1
11 33
27 28
15 15
39 3
9 31
36 36
9 11
25 15
39 35
16 21
16 21
16 24
31 21
3 41
23 12
32 40
37 21
30 32
21 10
35 17
0 4
15 29
20 13
3 27
9 17
4 30
1 33
34 13
39 28
15 34
18 40
5 10
0 39
33 20
3 23
5 36
0 20
12 5
17 18
34 17
28 15
19 4
27 41
40 36
37 10
31 18
0 15
19 0
16 35
38 13
41 11
32 4
34 28
40 14
40 15
16 19
11 10
41 9
22 3
37 5
11 14
27 5
8 32
7 40
29 36
20 1
23 9
34 26
38 11
7 7
2 35
0 41
41 5
21 32
32 18
23 1
19 41
28 20
39 16
2 20
24 33
21 10
18 18
3 14
35 3
41 3
30 6
32 32
15 27
3 25
32 11
33 5
7 39
14 35
33 20
40 40
34 3
16 41
37 6
26 27
12 32
21 10
18 18
13 22
38 21
8 19
20 7
41 38
41 35
31 36
35 24
40 36
23 23
30 19
20 14
9 16
27 41
22 22
22 29
8 34
26 11
21 2
15 20
25 30
35 26
21 27
16 29
1 38
3 16
14 3
12 3
22 34
10 3
13 11
15 28
28 35
28 37
20 4
18 23
15 23
39 29
27 23
41 17
30 6
36 17
32 18
16 27
13 31
23 18
30 25
40 6
18 34
40 37
15 11
4 26
26 6
31 13
27 2
34 18
38 9
10 31
16 37
19 9
18 34
38 41
16 34
16 18
26 2
40 21
3 24
18 1
37 33
38 24
23 26
24 38
33 4
10 6
27 34
0 5
41 20
30 8
28 22
33 17
16 22
34 41
9 40
4 7
31 32
40 11
26 41
33 6
10 12
0 20
16 37
1 7
27 5
39 37
28 41
30 31
31 27
30 30
6 8
24 29
28 12
12 20
6 20
26 39
15 41
0 15
40 39
38 9
3 32
1 10
18 39
41 21
26 1
10 41
9 1
23 27
34 32
29 6
22 7
24 23
34 19
13 22
14 37
35 6
40 25
12 17
12 40
39 23
40 16
31 35
37 22
23 28
24 30
2 31
11 22
6 20
19 15
33 22
20 26
30 28
33 25
17 13
15 31
35 11
2 40
38 2
39 2
26 37
27 0
33 18
3 4
38 7
27 2
14 18
34 7
40 17
35 17
0 25
26 12
30 6
11 7
7 11
7 2
30 16
37 15
14 21
31 8
7 30
31 13
15 37
30 0
11 10
40 16
41 2
23 25
9 41
11 3
27 34
30 5
22 6
17 29
25 16
30 4
5 30
41 19
9 36
3 0
21 17
21 5
27 4
1 32
3 20
38 1
7 11
32 35
3 0
26 1
22 20
36 16
16 4
35 37
38 8
8 11
39 39
15 25
23 6
25 11
15 26
33 17
26 41
31 22
27 28
0 5
14 34
14 5
40 7
16 7
14 18
39 23
10 30
4 24
21 19
16 40
26 13
8 19
25 28
10 9
13 7
25 11
23 2
38 39
38 26
38 39
36 22
22 6
6 27
9 14
0 29
33 11
12 34
37 15
3 31
6 15
27 4
8 26
10 4
30 17
15 25
22 28
17 22
25 32
25 8
11 29
11 30
5 23
38 3
5 1
4 13
36 8
35 23
7 33
24 23
10 35
29 30
33 38
36 8
38 18
17 30
40 19
1 14
1 26
38 38
13 41
10 36
17 5
27 12
25 23
25 38
29 35
30 16
35 33
27 35
28 31
19 9
27 31
7 10
33 32
0 37
16 20
4 36
40 38
12 22
14 18
19 34
9 15
13 3
41 32
10 18
1 19
37 19
9 21
32 33
31 21
39 40
2 35
7 20
14 27
5 37
25 36
23 34
40 15
35 22
16 5
32 34
8 27
20 12
10 23
36 31
9 18
39 40
13 23
3 1
41 16
28 10
38 33
10 5
8 13
36 10
31 11
36 26
11 10
38 27
18 5
25 16
36 27
39 11
12 36
19 20
10 11
35 5
39 28
0 0
32 34
41 37
9 38
41 20
20 19
21 30
20 20
21 21
15 40
24 22
12 6
18 20
27 4
4 15
36 23
37 14
15 41
5 8
17 17
18 18
15 18
35 5
6 36
34 19
11 28
16 2
22 0
15 10
3 0
4 25
28 32
9 40
36 19
24 31
32 18
27 0
17 38
37 36
16 40
7 29
22 26
3 19
32 32
11 7
0 31
32 5
23 36
37 37
32 38
21 25
5 22
22 2
0 23
4 29
38 4
13 9
34 16
6 40
10 9
26 28
19 37
17 34
41 40
32 29
17 15
32 12
31 3
39 21
7 18
30 31
40 19
40 2
13 30
39 29
8 13
4 37
10 20
30 11
32 29
28 25
35 24
12 4
36 30
36 31
10 21
14 28
20 2
40 23
29 33
13 6
21 7
5 25
36 26
36 16
25 6
11 31
29 12
7 0
33 22
31 17
17 25
0 6
19 9
11 17
4 13
7 13
41 16
31 16
32 24
20 29
12 38
14 34
2 30
1 24
0 21
2 6
40 38
3 5
22 1
3 30
26 17
4 30
6 11
36 0
39 2
6 29
18 3
0 11
36 34
27 6
16 31
8 26
31 2
14 39
26 0
39 5
6 14
12 14
8 32
1 41
15 36
7 10
4 0
37 0
14 2
5 12
41 1
30 23
32 2
29 40
33 38
19 14
7 37
26 31
7 29
27 23
29 30
16 22
7 26
21 36
6 3
27 39
6 20
36 23
26 34
6 24
13 32
36 20
41 14
19 6
31 40
39 15
0 40
27 1
29 40
28 20
3 27
16 38
15 1
29 0
37 24
7 22
6 25
31 6
29 11
3 26
28 38
28 38
36 32
15 1
31 31
22 10
13 12
16 10
35 18
6 18
4 4
32 17
22 22
24 1
20 10
21 34
7 24
21 18
2 21
18 5
8 0
17 23
36 37
8 33
33 5
31 2
20 9
14 27
24 13
35 2
4 18
32 26
13 2
29 15
35 9
22 20
30 34
33 2
33 13
31 19
12 21
39 27
31 8
25 36
16 30
27 39
25 14
16 39
12 23
7 22
21 10
1 27
16 39
15 23
20 20
16 19
26 22
13 1
31 34
34 37
36 12
29 41
31 13
3 12
2 5
28 33
36 34
2 5
15 40
10 2
16 24
15 31
38 35
2 30
7 19
1 0
4 6
25 37
17 4
25 35
2 14
21 24
27 9
13 39
11 14
13 15
11 5
30 40
17 6
4 28
38 39
13 19
12 19
15 40
1 40
27 15
29 11
17 24
31 28
24 2
24 13
10 36
29 4
14 17
20 21
9 12
0 18
31 23
12 12
7 28
38 33
5 24
0 27
4 23
9 31
27 26
14 14
26 22
21 3
5 19
21 23
39 5
33 5
24 0
41 6
9 16
16 19
24 11
36 26
30 14
27 11
3 2
30 23
1 14
8 18
0 27
10 30
19 0
34 26
13 11
13 34
36 20
24 33
12 1
2 16
6 17
13 38
38 41
23 5
30 40
34 6
0 23
5 40
12 29
12 28
20 25
32 19
10 36
3 29
34 16
34 17
20 33
36 5
26 15
25 38
17 22
22 10
32 23
10 0
17 40
25 17
8 36
38 16
5 20
24 18
18 22
32 6
12 35
20 23
39 34
19 4
7 17
11 27
15 39
10 41
5 39
18 16
11 39
4 23
12 32
31 3
9 7
1 18
6 40
1 8
28 23
24 10
1 13
39 9
27 0
10 14
14 28
4 36
38 7
22 6
35 26
4 30
18 25
23 25
18 30
14 8
33 35
14 11
20 40
24 22
5 11
0 21
10 41
37 33
39 9
39 16
6 4
36 31
9 3
12 27
29 20
30 10
25 28
17 28
17 19
7 22
14 15
7 41
25 31
25 1
12 2
32 1
13 7
12 20
2 23
9 17
29 8
6 16
35 33
19 34
14 26
26 10
27 7
38 30
15 7
6 6
32 18
25 41
10 24
34 29
12 20
15 23
24 37
28 19
30 34
31 35
6 28
1 25
35 34
3 21
