8 14
19 21
28 16
14 31
41 25
39 7
29 8
16 32
32 12
21 10
27 22
36 13
10 38
20 25
26 37
4 38
4 20
23 30
18 21
2 22
18 7
21 5
5 36
14 23
6 1
6 30
33 31
35 37
6 35
7 13
41 31
28 23
16 24
0 2
27 4
12 39
28 2
6 35
9 31
38 40
19 0
19 21
28 41
6 8
2 33
6 33
29 27
16 37
15 17
19 31
40 38
40 26
13 5
5 18
30 7
3 33
38 23
15 30
18 9
24 8
11 40
12 20
31 5
14 41
16 15
31 26
11 8
37 27
11 41
7 25
14 39
4 21
29 26
15 8
35 16
5 25
20 35
11 19
6 8
6 25
13 0
3 1
33 28
31 40
24 33
26 1
37 10
32 32
23 1
34 16
19 25
24 37
16 34
7 16
13 12
21 18
17 13
18 12
27 40
10 21
33 17
9 24
32 3
13 17
27 35
0 26
25 36
17 36
33 0
8 28
5 34
23 6
25 36
10 27
38 41
35 16
34 18
30 32
25 26
6 26
18 23
22 23
20 36
25 31
25 33
39 4
16 22
34 32
24 39
1 29
28 14
38 33
1 30
34 36
36 4
16 11
8 37
3 22
21 0
39 13
13 16
21 16
30 35
33 18
22 41
8 28
37 19
15 38
25 17
34 7
38 16
4 12
10 31
29 1
22 11
5 33
3 31
26 1
2 30
14 32
8 6
22 20
9 32
29 19
2 8
18 16
20 40
29 31
30 8
22 14
1 41
15 35
8 4
22 6
32 14
32 14
4 17
27 13
15 16
6 37
11 28
15 21
26 41
34 32
18 1
31 24
30 19
33 34
35 12
35 30
31 11
10 6
21 23
27 18
11 22
10 7
24 41
25 15
4 30
30 33
24 19
13 21
38 12
14 25
0 41
20 30
36 15
5 33
1 40
39 38
5 26
9 32
20 20
26 9
24 23
21 23
0 40
36 24
21 29
26 0
8 29
29 35
29 38
28 35
41 17
29 24
27 25
19 16
24 17
39 32
30 9
10 18
11 16
8 6
30 34
33 16
10 27
25 25
9 24
40 4
38 11
16 20
35 16
15 40
4 28
28 39
13 24
2 17
9 6
11 13
18 28
34 6
25 22
36 16
7 4
19 1
8 30
17 16
16 5
19 33
34 30
5 7
5 22
35 31
15 7
18 13
27 7
38 39
17 7
13 20
35 9
24 33
36 29
7 32
35 19
39 15
19 34
7 27
28 28
3 13
39 7
14 22
0 27
37 25
23 15
28 1
20 8
29 41
0 23
21 23
19 19
7 14
8 13
3 32
8 21
31 35
34 7
32 13
10 8
14 23
9 41
10 15
13 34
6 6
3 24
15 26
14 6
33 33
26 11
4 1
19 0
2 1
41 24
31 17
15 36
13 32
11 37
38 20
28 34
20 1
28 29
37 40
26 1
22 29
27 4
9 10
11 16
9 34
20 39
15 1
31 32
31 32
31 12
7 3
5 16
2 2
14 33
32 30
23 15
34 16
2 2
12 30
15 22
28 20
17 9
30 6
8 38
27 35
15 15
0 16
21 38
11 3
1 20
29 2
0 0
20 37
14 18
0 0
27 14
28 18
11 28
41 38
8 39
19 20
2 25
8 26
32 14
26 29
15 2
8 4
27 13
13 37
1 13
4 14
10 36
9 35
18 26
15 4
38 28
19 31
33 7
24 25
13 39
22 3
11 11
6 10
29 39
24 3
21 15
11 14
23 21
21 5
12 4
1 16
17 18
5 33
7 0
36 18
14 20
2 17
1 36
4 2
33 26
30 39
18 18
36 27
31 31
16 24
28 18
32 5
5 30
32 21
6 14
1 20
7 9
41 20
40 19
41 24
5 30
17 12
27 33
18 4
27 34
9 40
36 36
17 3
7 17
38 9
13 24
26 34
20 34
39 19
36 29
10 27
37 9
0 2
16 3
7 8
35 21
8 39
28 25
34 40
33 11
23 33
30 27
18 15
13 22
17 36
8 32
35 17
24 16
27 14
23 27
41 7
4 28
10 33
2 27
2 34
17 22
37 40
41 22
13 40
3 8
29 39
15 3
41 25
39 7
4 23
40 36
12 8
2 32
11 34
32 30
17 29
32 30
4 14
32 35
28 36
21 18
5 12
33 24
32 30
9 22
2 18
16 5
10 8
2 8
24 31
37 8
19 20
10 32
24 26
6 28
31 0
11 38
19 26
21 10
26 29
12 6
39 18
8 37
3 32
41 24
33 39
41 17
32 0
20 2
8 27
35 22
35 14
41 6
22 19
41 29
25 21
23 7
29 29
2 40
25 1
4 13
40 41
17 17
36 39
0 39
38 3
6 8
26 35
18 30
35 31
2 6
3 4
24 11
25 25
26 39
9 22
6 28
11 18
15 0
10 23
5 36
24 39
2 1
2 11
33 4
21 23
1 23
17 21
39 39
29 39
25 26
38 21
8 30
6 23
34 2
19 19
23 26
22 16
15 13
4 12
13 6
20 2
15 8
20 30
0 37
8 35
23 36
9 22
14 39
4 28
11 27
23 39
39 31
30 6
36 4
39 41
16 9
16 26
37 7
27 27
11 21
40 39
21 18
32 34
25 23
25 31
21 39
0 2
36 36
31 22
4 21
8 19
40 26
21 36
41 2
24 36
8 13
34 32
27 39
2 28
14 25
22 28
32 38
28 16
31 3
24 19
16 40
33 30
41 22
17 26
17 36
6 39
11 25
22 14
2 27
16 37
23 10
14 28
30 0
7 19
11 18
9 38
27 9
20 16
10 29
41 30
33 11
28 14
36 1
38 9
24 4
22 40
37 39
8 37
18 15
17 15
10 3
23 25
19 27
38 39
37 19
9 21
10 6
0 9
32 10
38 34
22 27
31 38
3 28
17 18
13 5
7 23
3 3
16 30
14 19
27 6
16 32
1 28
0 37
18 33
23 8
12 16
41 21
26 9
8 0
22 25
37 28
14 8
19 1
41 21
38 29
15 4
17 25
41 0
3 14
1 18
25 27
19 31
34 23
6 5
21 9
38 19
5 0
41 13
23 16
34 17
22 32
26 0
21 6
16 29
33 37
38 9
12 17
21 11
39 7
28 14
31 4
9 33
9 27
34 16
34 32
38 7
9 12
2 23
24 15
17 34
24 15
5 21
1 11
0 38
15 6
0 29
18 29
19 39
6 10
39 24
11 8
38 19
7 37
23 0
26 25
39 21
21 5
15 3
29 37
36 41
17 10
34 31
28 3
24 12
32 41
5 25
41 10
30 41
35 17
9 38
30 18
24 24
11 32
41 38
6 19
36 38
11 25
16 19
2 17
41 1
37 33
33 0
13 17
13 40
41 27
22 35
38 8
20 14
14 38
4 8
0 28
29 16
40 0
1 39
35 2
41 32
39 31
16 9
12 16
24 3
11 4
29 36
0 26
4 16
14 21
1 41
22 16
8 3
14 28
21 3
5 6
1 10
30 18
32 31
15 23
30 41
33 22
13 14
11 6
13 14
28 30
34 7
30 1
10 3
37 28
22 3
29 41
19 22
21 29
29 28
2 29
5 16
36 36
8 10
23 6
27 31
28 11
21 24
37 3
41 36
27 24
21 22
16 1
8 19
13 34
10 6
7 4
2 24
21 2
15 33
8 3
38 18
2 14
21 10
35 18
3 33
31 37
28 25
32 23
13 13
38 19
10 0
35 1
30 22
34 36
2 30
3 16
3 0
2 3
19 8
37 40
35 1
27 30
40 32
41 34
11 23
19 30
35 36
7 10
7 10
0 29
23 7
35 0
14 30
30 33
21 36
24 38
17 36
36 40
33 1
9 40
33 22
2 8
4 7
40 34
5 3
26 40
35 2
13 7
38 24
4 8
32 31
7 3
26 17
0 24
14 19
30 7
19 0
24 18
4 9
10 13
38 4
21 22
1 37
29 36
19 6
11 18
25 0
23 38
8 2
5 31
11 8
14 22
26 17
15 38
41 24
15 0
16 11
3 13
5 36
34 17
36 10
10 9
15 11
10 10
18 6
7 23
39 21
33 6
22 39
36 12
13 10
21 10
13 5
30 29
28 9
18 2
22 3
35 7
16 2
12 16
15 4
27 7
7 36
6 40
28 27
29 28
16 6
8 29
36 9
28 33
13 20
19 2
15 6
13 31
30 2
20 25
40 30
4 40
15 11
30 39
22 9
38 34
26 40
33 31
7 9
35 33
9 5
15 6
30 3
26 19
40 26
37 27
35 32
16 20
12 11
31 3
38 10
29 37
29 31
13 24
35 35
34 22
4 34
14 2
21 33
41 10
36 41
28 35
29 33
5 30
17 13
7 11
16 39
28 19
3 25
12 27
7 2
23 37
34 4
36 23
40 23
14 29
13 19
32 6
8 36
21 4
26 37
13 15
5 31
29 9
24 30
6 21
18 34
29 7
25 20
16 22
23 4
14 12
9 33
40 23
40 20
26 4
6 6
25 20
23 21
