2 35
21 3
33 18
13 23
17 11
22 25
21 38
21 34
24 14
24 20
32 6
0 6
28 5
3 30
41 5
15 19
39 36
4 24
10 27
7 29
9 25
5 15
36 0
27 24
4 38
39 23
41 10
18 13
7 12
24 9
36 20
10 8
33 24
13 20
12 18
30 2
30 24
21 15
2 0
35 18
25 10
25 23
31 25
35 6
16 2
22 7
0 21
23 28
38 34
23 22
1 25
38 34
27 26
11 21
27 7
21 37
36 12
25 22
37 40
2 16
41 32
14 32
22 18
8 27
19 38
41 29
22 16
5 38
40 8
32 3
15 11
25 22
4 3
25 37
33 30
1 26
3 21
26 28
9 4
25 30
17 40
23 33
6 13
4 39
14 28
12 30
14 12
17 39
15 4
11 20
23 33
31 18
38 33
36 39
38 1
15 31
32 19
18 27
39 33
19 37
14 13
37 12
1 1
14 4
23 9
34 16
32 5
2 3
16 15
34 36
6 18
11 18
24 19
7 32
9 33
8 33
25 27
38 35
17 3
35 37
30 19
9 33
16 26
12 36
14 28
25 11
3 31
25 14
12 9
18 32
33 37
20 31
0 38
6 35
27 4
6 39
28 19
30 34
26 2
17 10
28 33
14 1
0 6
20 0
17 29
0 23
10 26
18 24
3 14
28 16
17 16
36 5
10 9
6 37
9 36
3 37
0 35
39 10
8 41
39 26
38 39
32 8
17 10
7 30
7 1
33 34
7 23
10 6
12 32
38 32
31 5
34 24
25 25
9 13
17 4
40 24
7 24
31 14
23 39
29 34
4 20
38 11
28 27
3 28
30 33
31 12
33 8
10 9
40 39
13 0
3 27
41 36
11 10
27 5
28 8
41 6
4 41
6 4
16 12
11 38
12 38
12 29
20 2
8 15
17 40
3 41
40 13
9 9
20 31
13 38
10 21
20 34
9 2
39 20
38 24
32 16
26 18
32 23
11 40
9 41
19 37
14 10
25 28
10 20
35 3
20 29
5 18
37 38
26 39
1 40
10 16
22 37
29 7
33 29
29 9
34 23
16 33
24 34
40 10
39 34
32 17
13 24
32 13
18 20
19 17
1 14
34 38
37 17
32 27
25 37
30 28
13 9
15 7
1 23
36 15
5 8
4 30
0 18
25 5
7 4
41 18
26 35
40 13
35 40
4 15
27 20
36 1
19 20
24 19
21 23
36 30
2 2
15 35
35 9
6 34
32 40
24 33
16 41
34 30
24 10
28 18
11 19
36 18
16 37
13 22
7 16
14 32
23 16
39 25
9 1
28 12
5 25
19 31
36 17
23 41
27 7
41 22
16 24
7 6
32 0
16 8
30 21
1 24
14 33
13 37
20 35
8 15
11 38
27 3
21 5
39 8
41 36
7 18
32 8
11 21
26 35
18 41
30 1
6 0
41 33
4 9
4 33
39 9
22 24
6 21
26 13
11 7
40 3
2 0
27 7
8 16
2 9
38 24
36 9
10 24
39 14
24 8
27 38
25 29
32 13
20 14
4 27
1 24
29 39
18 1
7 4
17 32
2 3
5 16
21 5
39 25
32 31
5 28
7 3
2 32
19 39
4 27
23 14
30 1
17 8
4 38
16 19
6 28
38 22
41 13
31 30
30 12
26 38
33 19
30 36
11 5
25 16
16 20
15 38
40 2
32 22
37 20
21 17
20 3
33 12
34 7
23 32
40 24
11 23
37 10
2 28
18 3
36 6
40 24
17 28
13 4
21 25
27 15
10 35
9 17
32 23
0 28
33 18
39 19
16 39
27 3
24 1
26 18
4 2
33 8
33 18
36 7
13 27
25 30
27 15
8 14
10 31
1 29
24 1
11 31
27 35
31 20
8 37
35 35
19 1
10 23
13 37
5 38
18 35
17 9
20 34
20 9
38 15
13 11
2 19
3 41
35 27
6 5
20 13
27 18
14 39
19 25
11 20
40 34
40 16
13 0
6 8
22 17
3 29
6 4
9 22
2 13
4 23
33 1
1 8
8 23
0 37
32 18
24 28
34 18
39 1
14 5
8 34
40 18
21 18
27 35
0 12
33 38
38 31
23 20
9 41
15 10
36 23
30 9
3 31
0 9
18 5
36 28
22 8
36 37
18 5
27 20
29 40
12 22
7 20
0 36
18 5
36 1
26 13
16 39
4 13
27 13
37 0
13 7
19 14
6 11
17 5
9 24
28 19
1 38
35 32
25 25
2 38
1 19
18 26
0 40
21 11
11 17
9 38
10 18
39 34
22 8
13 41
15 37
16 32
14 4
29 9
25 30
18 10
4 8
39 32
41 13
18 19
1 1
30 9
35 34
23 0
19 27
14 29
28 0
16 24
5 14
15 27
39 40
29 34
32 26
2 29
25 30
28 18
27 39
6 26
36 13
19 21
20 25
25 30
19 31
29 39
1 15
29 13
36 35
37 19
28 25
25 7
35 16
3 3
30 12
33 14
27 2
14 29
5 15
23 40
27 3
20 12
16 14
39 29
14 4
25 24
18 11
23 6
30 17
24 19
19 36
31 17
10 6
7 5
6 12
8 16
1 28
16 22
10 32
26 28
14 41
8 23
20 31
15 32
22 29
5 23
16 23
5 2
33 36
9 24
35 23
10 16
3 21
0 5
19 0
25 6
33 32
26 10
18 10
4 21
40 26
4 7
25 30
30 39
18 31
10 35
8 41
38 2
6 38
27 21
6 30
3 29
24 17
27 31
24 32
7 41
36 17
1 35
7 38
20 36
0 29
24 33
22 39
27 26
34 1
41 25
31 27
3 32
33 17
17 8
28 23
40 28
31 2
16 12
34 7
4 20
29 9
24 20
25 23
0 38
11 21
14 7
38 7
17 41
5 27
40 3
18 40
10 38
5 16
19 19
12 20
1 28
11 36
11 4
29 4
8 17
21 39
6 22
30 19
4 9
30 22
36 10
0 17
16 35
21 21
1 5
8 22
35 0
18 39
26 31
39 3
22 11
17 0
38 14
9 11
34 19
5 14
10 4
25 38
33 18
40 40
36 31
11 2
15 36
37 34
35 18
13 15
20 25
15 1
14 19
28 18
16 13
3 11
22 37
1 11
4 30
13 1
40 34
11 8
0 24
22 29
22 15
27 1
38 11
12 1
0 12
0 15
20 38
37 28
23 27
39 28
12 13
14 31
16 3
41 22
16 20
30 11
40 0
21 2
32 7
7 5
16 27
40 25
1 13
22 26
18 8
19 30
0 30
16 34
38 7
38 4
7 8
11 10
2 39
15 36
37 11
38 21
40 6
25 24
38 39
14 15
7 37
2 35
23 4
12 14
10 3
16 26
20 34
19 0
18 40
27 19
31 27
32 4
0 16
14 15
0 14
3 11
29 31
10 32
32 16
21 5
26 0
37 15
20 15
0 11
21 4
14 21
14 29
15 20
12 3
39 16
20 5
33 36
37 18
1 32
37 34
0 36
19 13
8 39
5 35
27 31
23 8
33 39
15 17
39 39
22 18
40 28
4 22
15 27
22 40
25 19
18 13
40 0
25 5
32 10
1 9
18 7
10 24
25 12
14 21
2 26
5 32
16 3
9 3
16 23
18 3
28 37
1 21
3 7
18 23
16 3
34 33
18 24
33 29
1 18
5 17
18 21
14 14
5 2
0 23
41 5
7 34
13 19
24 19
40 24
26 30
33 16
6 33
19 1
4 41
3 26
33 40
21 14
32 34
7 38
33 22
18 36
5 0
41 1
27 11
38 39
41 25
37 31
21 11
13 28
1 21
31 17
40 9
16 12
41 7
8 9
2 38
34 37
40 7
7 8
22 35
7 23
24 32
38 4
8 8
21 23
12 20
13 19
21 26
21 19
18 17
41 4
36 29
13 17
1 27
25 17
36 32
18 25
1 7
38 19
12 21
23 20
40 22
13 31
11 28
1 15
23 18
20 18
14 3
7 15
17 4
35 11
32 39
28 19
24 25
23 35
12 19
14 18
35 7
29 16
35 14
28 16
9 36
15 1
30 32
11 15
3 18
8 37
15 26
16 18
34 17
6 3
23 15
18 28
4 30
31 2
4 3
39 11
11 25
40 32
6 8
17 20
16 41
1 37
5 29
35 6
22 31
38 17
15 12
29 30
33 18
24 33
4 41
38 23
21 22
23 30
10 12
32 0
3 34
21 11
19 28
13 30
31 34
2 26
24 2
13 6
13 22
21 35
9 34
38 18
29 19
33 38
32 32
15 5
33 37
12 22
26 23
18 33
8 8
28 30
23 28
22 32
30 3
38 13
8 33
0 15
36 17
32 1
20 15
14 37
41 16
4 15
37 36
19 35
35 21
20 39
30 31
10 32
12 5
39 21
33 14
29 4
13 27
6 12
27 2
7 30
7 24
8 27
23 10
36 16
2 33
0 17
16 7
35 16
9 27
13 37
15 4
14 10
21 29
19 1
30 35
6 32
35 39
39 0
6 27
16 33
19 20
16 26
23 21
25 38
2 20
2 25
20 5
17 13
17 15
15 4
30 31
15 14
32 11
9 27
14 15
30 18
11 39
11 19
2 30
0 22
40 29
16 9
34 11
27 14
30 38
23 8
28 18
1 41
21 32
35 8
26 30
23 34
18 0
13 3
4 31
41 12
17 41
17 37
9 14
24 9
6 17
4 22
16 24
31 28
2 35
25 2
37 4
6 5
28 36
9 34
25 35
26 20
40 41
41 39
13 24
20 32
28 14
37 3
16 38
40 35
26 37
39 26
20 33
35 33
12 16
27 24
9 35
18 12
1 18
0 30
26 23
6 22
21 18
30 4
41 22
22 36
30 7
6 26
20 26
13 23
11 25
24 20
14 11
25 14
12 7
2 7
12 22
28 37
35 29
41 8
29 10
12 33
8 28
1 31
29 41
9 40
25 15
24 30
23 32
6 11
41 40
19 17
29 5
34 10
31 0
20 18
22 15
19 41
40 39
29 40
20 7
11 13
15 1
28 39
5 36
34 23
3 8
3 5
1 16
10 3
34 10
12 8
27 41
25 16
18 41
7 14
5 34
1 13
35 36
30 33
14 39
4 31
4 37
2 5
6 28
3 40
38 22
27 18
17 2
28 3
3 41
35 3
1 39
31 34
31 25
11 3
6 11
4 28
12 31
18 28
35 25
17 0
17 2
3 24
18 9
4 34
18 33
41 26
5 33
20 19
18 7
7 15
5 3
9 17
34 2
16 6
17 39
27 17
16 19
20 25
8 10
27 18
19 13
21 15
6 6
36 23
29 10
33 9
32 1
1 17
2 7
41 19
27 41
17 3
16 4
7 27
37 26
21 9
41 23
13 21
38 8
12 14
28 38
3 5
23 22
15 14
29 39
16 22
41 37
18 12
13 13
19 31
25 29
15 23
19 34
15 41
8 8
7 12
2 29
37 25
8 24
35 20
19 38
1 14
4 14
11 3
32 29
13 36
40 27
2 2
11 6
36 23
18 21
21 40
14 5
26 1
1 13
9 15
38 36
29 28
16 22
21 11
17 41
22 40
1 34
1 40
0 30
16 4
40 11
30 20
6 6
34 36
34 34
28 18
5 41
0 2
8 21
13 17
4 23
10 40
16 11
39 9
1 25
15 40
21 41
32 12
16 24
12 39
1 36
33 5
20 14
18 22
23 1
22 20
11 23
2 22
30 31
27 1
11 10
16 20
20 34
5 17
30 0
5 16
34 1
30 40
38 17
7 17
8 27
31 13
9 7
6 13
36 40
18 33
4 41
31 41
8 14
34 35
5 18
16 16
25 12
4 0
38 38
10 23
34 4
9 29
31 28
5 3
6 19
8 37
26 32
27 30
35 31
2 7
9 25
11 4
12 0
2 13
32 4
13 37
0 37
15 29
41 13
30 3
4 16
18 37
10 10
39 7
12 20
40 26
39 35
41 11
28 11
5 0
23 7
14 26
35 17
32 32
30 14
15 0
32 26
33 37
12 24
24 12
36 31
32 20
18 13
18 31
21 4
16 20
0 25
13 18
19 5
7 40
41 35
2 35
29 19
29 39
4 31
33 29
15 39
40 5
16 39
38 4
29 40
2 14
23 32
30 0
0 33
29 39
2 31
32 13
40 22
17 5
6 4
18 32
3 30
7 14
41 39
24 13
40 1
24 14
19 38
35 14
15 9
4 6
32 11
36 17
32 25
10 39
37 20
41 35
18 19
39 35
0 1
28 9
18 30
6 35
2 37
1 4
0 22
3 8
19 29
17 34
22 10
26 41
8 9
27 41
18 11
28 38
36 7
2 6
17 1
37 30
41 32
34 24
37 12
37 11
5 35
39 13
23 21
0 38
5 11
16 10
20 9
16 11
38 20
25 29
0 5
24 10
36 31
19 35
18 13
22 33
21 5
34 26
2 28
25 11
41 31
4 24
11 17
15 37
22 39
19 17
24 14
35 40
18 41
38 11
29 7
40 8
35 1
40 29
17 24
30 17
38 40
3 26
30 24
13 7
13 25
16 32
11 28
25 1
8 36
22 24
18 10
18 28
19 38
34 21
17 6
2 12
36 12
18 32
3 2
2 10
8 24
41 39
34 17
26 39
17 6
2 6
24 19
40 35
5 18
33 15
10 41
14 22
32 15
12 5
14 15
5 7
18 9
12 18
12 34
39 31
36 27
10 9
4 8
9 41
8 3
29 3
14 10
24 27
2 17
26 11
4 10
15 41
3 19
40 3
30 25
40 12
26 25
36 20
25 11
17 40
31 19
8 18
35 7
20 18
17 8
4 19
28 8
34 23
1 7
2 40
23 29
26 38
39 14
15 32
29 14
1 28
11 11
26 40
28 16
18 12
1 15
36 22
20 36
36 36
26 15
3 31
22 30
37 36
37 35
10 0
0 8
4 7
4 3
18 25
3 29
32 22
10 2
5 33
36 19
18 34
13 27
8 12
22 30
41 8
29 19
19 32
1 5
12 20
24 19
17 39
8 6
3 16
22 32
16 1
9 39
39 27
37 38
25 28
41 17
14 9
8 16
7 41
11 32
6 3
40 18
16 41
20 34
31 34
36 13
41 35
3 18
12 4
18 13
41 26
38 39
33 18
27 25
2 7
21 25
19 30
39 40
35 4
32 1
25 38
21 37
36 10
25 25
8 40
14 17
30 22
31 36
41 5
35 40
34 6
19 40
33 15
0 16
5 36
34 25
36 28
38 10
30 30
4 25
11 19
35 41
4 41
26 23
24 32
41 20
33 18
41 35
15 36
5 1
16 2
27 14
40 2
16 6
14 34
36 34
24 38
38 10
34 12
7 3
10 2
4 8
1 39
3 14
6 32
34 15
41 39
26 0
39 18
4 2
2 9
28 29
27 39
34 8
25 3
0 12
22 33
24 8
30 40
22 22
38 40
8 28
31 31
4 10
25 27
23 30
30 28
26 25
3 5
18 3
20 15
34 19
37 22
34 18
15 32
6 6
18 2
5 15
11 35
16 33
32 34
36 38
35 3
36 10
30 17
32 12
5 0
28 21
28 6
23 40
4 31
31 16
25 8
34 17
21 24
7 12
14 34
25 28
0 8
0 29
27 10
7 19
40 17
24 20
5 33
7 37
15 39
34 12
22 26
18 33
11 14
1 40
0 4
26 15
41 23
20 31
11 10
30 18
30 38
29 37
40 20
13 8
1 23
11 6
18 9
1 0
30 41
38 22
19 16
40 1
12 11
0 11
23 3
11 12
40 4
27 11
34 24
40 3
27 31
15 14
34 33
12 14
24 29
8 37
38 33
32 21
0 16
37 20
18 37
41 27
37 18
32 39
40 21
15 20
12 9
25 11
28 35
31 33
18 39
20 26
8 19
13 35
7 28
12 35
2 0
1 16
41 27
31 21
25 12
8 12
6 8
29 30
6 8
15 20
8 10
40 0
1 22
31 38
31 30
30 5
11 14
26 31
24 13
37 34
26 10
18 41
20 2
34 33
2 16
21 9
15 1
26 11
10 26
0 11
17 33
9 34
26 5
0 12
27 31
26 19
40 15
12 3
3 6
4 16
41 9
0 13
32 41
40 24
14 5
12 33
27 8
17 3
13 17
1 11
30 36
25 33
37 33
38 17
3 11
39 7
7 0
24 7
14 32
31 36
15 27
14 28
15 9
38 25
26 17
41 15
34 19
0 15
41 38
28 37
39 16
0 20
33 14
18 33
25 23
19 30
39 28
5 14
21 1
8 21
4 25
37 32
27 38
14 0
33 13
41 10
32 31
11 24
11 10
39 22
5 32
13 9
26 38
38 32
29 29
10 27
14 38
2 28
17 20
25 34
18 20
13 36
25 30
37 4
40 2
27 26
19 17
1 32
11 38
2 36
37 34
16 29
4 18
6 35
6 24
7 5
19 2
11 28
9 35
13 19
17 21
0 24
31 12
10 30
36 11
2 40
17 10
17 11
8 14
41 27
33 1
37 30
27 35
29 28
3 29
23 30
0 1
36 30
0 32
27 33
24 7
16 16
0 4
26 7
5 13
12 40
27 12
6 17
20 14
36 30
14 1
13 16
19 25
33 38
18 8
35 27
32 22
13 20
8 30
16 39
9 26
22 37
39 14
30 11
0 22
41 6
20 3
3 0
23 20
17 22
1 7
31 41
29 34
4 36
15 24
16 13
32 8
28 8
11 19
30 41
7 38
41 30
31 31
12 10
5 28
1 29
0 4
33 25
3 6
15 27
37 29
38 29
35 36
6 2
16 23
23 16
3 20
1 32
3 35
26 1
20 29
16 27
30 17
9 9
35 20
24 9
4 31
16 32
12 10
7 3
37 9
37 41
22 17
35 1
30 9
3 14
23 20
41 0
21 32
2 7
5 35
0 30
41 3
8 24
41 14
16 32
20 17
11 25
9 31
1 8
29 41
15 32
28 12
31 24
39 19
22 38
0 36
2 3
27 37
14 0
17 33
35 11
29 11
17 9
9 33
17 41
29 26
20 13
7 40
31 9
38 32
30 37
32 33
29 35
7 39
31 32
41 7
13 19
25 34
13 41
29 3
0 35
23 26
32 26
11 4
18 36
37 14
33 41
10 39
13 19
19 13
37 11
39 6
32 6
10 21
18 26
41 8
34 5
5 19
1 36
21 35
9 24
25 25
33 11
7 19
38 24
0 15
1 33
40 13
18 19
17 25
7 1
30 14
11 16
32 33
33 41
29 22
1 40
33 25
40 3
1 39
15 12
6 15
0 31
14 27
33 18
23 32
17 5
22 12
3 8
24 37
39 21
18 40
1 9
35 26
11 24
4 40
14 3
10 5
27 16
4 36
28 24
36 23
18 25
39 40
9 18
28 8
6 12
16 26
34 35
16 13
9 1
7 30
23 7
35 5
0 20
32 12
35 14
27 2
29 18
11 3
2 23
7 20
26 36
34 27
39 40
0 29
23 38
9 12
36 27
7 24
25 29
21 35
25 7
23 13
8 5
32 21
26 12
28 37
9 29
11 22
2 21
25 19
2 14
31 21
10 6
1 2
11 28
33 32
15 16
0 41
11 39
13 6
23 26
16 37
19 23
22 19
37 21
23 11
27 26
3 3
30 38
13 39
24 19
20 16
3 26
13 36
9 8
16 40
30 22
20 40
32 40
31 1
29 20
1 20
29 34
11 4
11 10
27 3
24 31
19 40
3 16
40 20
18 6
0 14
40 11
40 13
27 32
28 33
38 24
5 29
33 3
38 33
23 15
37 5
10 40
18 38
34 25
4 23
36 16
37 14
8 39
20 18
10 17
2 5
2 5
28 21
1 29
19 35
9 2
40 4
29 5
29 13
27 34
33 6
13 41
4 11
28 19
41 4
12 37
26 36
5 3
2 37
15 36
8 41
32 28
36 14
40 2
25 40
36 2
17 20
32 27
4 11
33 17
29 30
24 5
20 3
7 36
8 36
34 37
11 17
16 16
19 0
17 9
5 20
31 25
20 22
4 33
36 24
6 1
18 28
32 22
6 18
28 17
13 7
39 26
25 3
35 3
25 32
27 41
4 9
18 11
27 38
15 40
17 2
40 35
26 7
6 41
33 14
34 3
21 10
38 8
3 12
14 10
34 19
29 13
8 17
39 31
6 32
29 4
36 12
37 32
37 39
21 2
34 40
39 32
25 7
12 10
39 10
13 32
25 7
35 34
4 17
25 9
30 29
38 34
35 11
17 16
39 22
33 20
2 8
26 32
10 19
15 21
6 36
39 14
1 30
11 19
1 4
23 30
24 26
5 29
0 9
37 29
25 19
35 15
32 19
16 3
34 21
15 34
6 4
22 22
11 2
35 11
14 11
33 9
27 2
19 16
22 2
16 37
38 11
10 38
6 2
40 17
39 12
1 27
23 6
4 23
21 34
1 20
10 22
41 39
15 22
36 17
11 12
18 17
20 25
31 26
23 7
38 16
40 19
21 38
6 18
17 34
31 20
40 30
21 25
17 38
35 10
1 11
26 30
21 19
11 16
37 40
29 17
15 23
14 28
28 33
31 20
5 37
24 20
21 19
34 8
5 39
20 19
14 15
16 30
27 30
40 0
4 37
26 18
5 27
0 9
34 5
35 2
9 21
13 1
15 8
9 34
34 4
37 8
7 6
6 5
21 37
29 30
24 13
41 18
36 27
21 11
7 38
40 32
11 19
3 8
28 16
0 28
30 14
29 17
28 4
15 36
18 38
32 30
0 41
36 41
3 23
28 30
8 38
5 8
31 18
37 17
21 10
40 11
38 0
3 19
35 34
30 36
25 17
27 1
8 41
38 21
14 37
6 1
23 37
4 41
16 22
1 15
34 8
7 10
3 37
33 17
29 23
12 14
10 25
2 28
36 39
35 25
31 23
23 25
12 13
11 10
16 17
18 27
17 0
19 37
12 4
40 2
32 8
35 19
2 23
32 22
40 30
21 21
16 23
40 16
23 37
9 18
39 2
22 0
2 13
14 13
27 39
39 23
37 34
9 30
0 33
31 38
1 22
20 35
30 29
22 4
23 10
4 5
40 32
40 1
22 13
19 23
27 5
9 26
13 22
5 21
36 28
19 13
10 25
33 19
26 11
29 32
37 27
18 2
17 41
18 20
18 0
28 4
7 41
1 14
33 3
17 7
23 10
30 39
14 11
24 0
29 31
25 37
14 37
41 7
24 33
15 21
35 19
31 3
5 27
32 21
28 32
13 0
16 5
41 12
14 30
31 7
0 7
2 10
27 15
20 13
30 10
16 28
12 35
0 24
14 33
34 30
41 3
1 21
0 41
12 40
18 13
10 2
24 38
25 2
21 32
11 40
38 0
19 33
14 0
13 15
9 17
3 3
24 4
23 12
13 33
8 23
3 24
33 34
20 12
3 0
35 8
32 13
25 5
15 9
13 32
27 13
1 36
12 8
29 38
10 7
19 8
30 28
1 40
27 17
17 21
15 38
36 36
28 37
18 26
15 39
38 7
12 12
2 3
16 25
7 2
32 36
18 41
24 10
22 32
32 3
39 2
27 15
30 1
39 15
27 41
41 28
15 34
34 35
30 8
14 0
11 12
34 31
27 20
17 32
41 14
13 29
27 41
8 30
41 13
7 3
15 0
28 39
1 39
33 29
11 5
21 28
20 34
14 24
36 6
32 36
6 3
33 13
21 22
24 40
5 4
0 17
33 40
12 15
30 41
2 37
41 1
7 3
23 35
19 19
25 20
22 15
38 39
18 31
33 2
34 22
18 11
34 39
31 5
30 41
20 17
0 39
13 28
31 10
41 3
28 14
5 24
16 0
40 18
8 13
22 38
3 28
37 7
13 20
2 34
26 33
33 5
24 8
5 22
4 5
5 29
28 0
32 10
36 7
18 0
36 22
17 14
4 24
5 17
11 31
22 9
36 3
4 8
27 12
23 19
33 37
17 6
17 34
22 18
8 29
11 28
36 0
28 31
23 14
25 32
20 40
31 25
15 6
23 13
24 31
35 20
5 40
30 23
38 20
19 32
39 33
11 10
31 19
11 37
20 27
6 35
40 29
30 28
31 24
11 13
6 39
34 7
21 15
1 35
29 24
15 32
41 6
37 30
19 28
24 4
28 37
28 20
8 34
2 6
25 25
19 18
27 30
6 2
35 0
7 0
6 36
13 32
34 36
12 33
21 41
5 10
25 17
14 40
4 14
22 21
40 26
33 32
2 6
38 32
16 19
7 23
7 40
27 4
16 25
21 0
25 15
32 0
34 19
17 28
13 34
5 37
20 34
32 8
29 24
6 8
28 28
41 25
37 31
41 9
32 41
9 6
6 3
12 15
13 26
13 19
11 2
4 15
18 16
30 22
32 33
19 30
19 11
10 34
38 37
17 6
37 39
2 31
36 14
41 1
15 36
37 29
18 40
39 21
13 37
3 36
17 34
38 6
9 38
12 22
21 15
30 17
9 5
9 32
20 15
12 9
12 2
18 28
7 34
38 31
26 7
32 40
0 21
33 34
37 38
18 10
39 14
26 2
31 36
21 37
27 31
16 25
38 5
11 6
30 22
14 31
25 14
23 31
32 0
32 39
19 32
25 20
5 9
41 37
0 34
24 8
2 15
8 14
10 2
15 5
18 11
25 33
20 25
7 22
24 15
17 17
6 0
28 28
8 13
38 9
41 8
16 23
21 37
5 0
39 11
6 0
6 34
33 40
6 8
6 21
19 24
38 41
16 28
5 41
11 20
26 37
41 31
2 29
32 29
38 21
10 7
1 15
41 38
35 9
40 19
10 11
13 35
20 17
21 38
11 15
6 1
7 18
5 30
16 1
35 37
24 20
5 40
33 4
21 11
29 39
9 5
1 9
35 2
26 38
39 5
33 0
19 3
10 11
5 8
6 11
0 11
6 38
4 37
20 27
1 23
7 23
29 27
12 19
1 34
21 36
21 40
33 32
4 39
24 22
24 28
30 13
26 0
36 38
9 34
7 1
7 27
31 16
40 27
30 19
11 37
23 9
2 38
1 13
20 20
40 13
23 33
2 7
13 2
22 32
4 8
40 14
21 2
16 34
29 40
30 16
36 14
27 39
41 38
34 40
23 32
26 22
13 5
5 0
23 21
20 4
36 4
16 26
20 32
20 35
12 15
37 6
30 32
30 14
22 37
22 32
18 7
7 37
15 35
8 28
29 14
34 12
5 2
34 14
14 39
14 28
21 6
21 23
38 29
31 4
17 6
4 2
38 33
5 34
18 38
25 36
34 28
3 3
2 15
28 5
37 9
0 39
40 34
41 29
20 35
14 7
3 32
23 3
41 41
23 20
0 29
1 0
5 0
6 23
23 41
7 0
36 28
20 13
5 17
20 33
6 40
1 4
3 7
28 30
33 11
20 37
33 18
22 17
37 7
25 41
30 38
36 26
25 2
21 25
13 30
0 38
14 15
6 13
8 33
2 4
16 25
40 33
38 10
29 17
5 31
22 18
31 28
20 33
7 19
18 37
1 19
2 5
20 5
27 29
14 14
36 3
24 40
15 33
30 14
19 6
26 11
14 21
2 15
38 7
6 5
4 13
28 30
21 7
5 13
23 39
22 21
7 35
16 3
41 16
11 1
38 23
40 22
7 23
4 2
7 31
30 18
40 11
21 32
32 23
36 37
41 37
4 35
26 31
31 22
6 17
36 32
36 13
20 16
13 41
28 12
35 38
16 3
12 41
0 8
1 32
16 24
8 2
18 35
29 4
24 23
3 25
12 40
12 5
34 41
27 37
33 25
22 35
38 24
7 38
28 25
13 6
32 9
3 38
38 3
40 34
18 22
21 40
26 20
11 33
32 2
5 36
10 31
1 21
18 22
2 34
22 17
33 18
26 34
38 34
10 26
22 24
21 2
2 18
34 11
13 12
9 17
19 20
10 31
18 4
14 14
36 27
26 25
13 4
32 17
4 6
12 14
33 35
28 2
21 31
0 17
24 20
16 27
16 37
33 5
41 6
19 32
9 9
39 16
35 4
11 10
38 25
17 14
32 18
21 27
17 4
9 37
8 35
12 11
17 2
32 7
36 19
23 25
2 29
32 35
31 13
20 12
17 20
11 19
40 7
14 24
4 27
1 26
28 7
18 9
17 33
20 28
20 4
22 5
32 11
11 24
19 36
32 7
26 1
31 24
32 29
20 10
29 12
6 37
25 7
31 4
8 17
41 1
12 4
29 26
17 23
33 5
34 33
13 34
26 13
2 8
25 35
0 32
22 21
25 41
38 25
26 2
28 41
19 11
2 4
37 24
14 38
7 27
6 13
25 13
5 2
28 8
8 7
26 7
3 19
38 5
5 5
19 7
32 14
29 38
6 12
34 5
27 41
34 10
2 1
35 23
37 3
8 35
37 28
36 17
22 7
20 4
13 30
24 32
5 21
6 35
23 14
17 26
40 22
41 24
36 40
29 41
22 28
27 9
1 13
31 31
7 20
14 3
41 21
22 30
16 36
13 36
14 21
24 25
39 28
41 4
6 12
1 5
17 4
30 4
11 6
14 9
7 6
21 19
4 0
29 41
10 38
9 3
33 27
0 26
2 9
18 35
24 38
17 41
33 27
27 4
27 22
35 22
27 10
14 1
5 19
8 9
6 20
6 41
29 3
11 8
2 28
17 0
41 2
22 36
5 4
23 38
18 28
10 16
8 11
27 14
22 2
25 22
0 38
2 36
27 13
7 16
0 9
5 6
30 15
4 1
21 27
6 3
3 28
37 16
28 13
36 16
4 30
22 29
19 21
40 14
36 4
7 9
12 35
18 27
16 11
18 0
1 0
29 9
1 23
41 39
0 34
11 26
11 39
14 20
17 25
27 32
16 13
14 6
13 10
30 29
33 10
14 13
16 40
31 16
0 31
34 32
6 4
40 19
14 13
25 12
4 21
3 11
4 39
26 16
16 1
5 5
32 35
33 0
6 40
23 32
19 16
4 16
36 36
31 1
40 34
6 25
29 11
9 14
25 34
4 14
4 38
31 23
29 16
30 25
24 40
37 17
17 40
5 17
36 26
7 7
29 5
29 20
34 17
23 34
10 12
23 19
21 19
13 29
33 6
3 39
31 20
37 19
8 23
27 30
7 34
16 30
41 6
38 7
35 0
16 40
26 17
36 41
29 9
30 19
17 18
6 4
8 32
10 3
38 24
27 12
18 26
26 25
41 4
36 23
38 8
31 16
28 36
40 11
41 1
2 3
23 23
38 11
17 12
1 9
26 41
10 21
19 6
5 2
30 37
40 17
6 17
37 20
23 19
27 15
11 25
30 0
39 4
30 11
6 29
39 20
40 12
29 0
3 0
24 1
34 22
27 15
28 23
25 20
0 29
7 38
13 7
11 40
8 12
32 2
9 36
6 8
31 6
24 20
11 41
21 40
20 11
15 36
22 18
26 41
37 13
33 26
8 37
18 2
13 20
0 32
21 7
0 11
39 17
17 24
16 20
36 18
10 23
24 41
29 16
5 23
9 40
40 3
30 37
11 21
34 41
19 19
27 11
16 11
10 17
38 20
36 12
25 10
0 12
28 21
1 25
41 23
19 33
3 26
27 24
4 21
3 30
6 13
14 1
1 24
40 35
3 22
19 20
3 23
2 38
13 4
29 8
33 40
18 33
3 20
40 12
9 16
29 26
12 14
20 27
25 19
20 15
38 8
5 32
1 11
39 5
19 27
1 5
30 33
20 10
8 27
25 27
13 10
21 36
25 30
7 27
13 36
22 39
38 20
15 2
14 38
35 1
39 16
4 27
12 35
17 36
3 34
19 9
31 3
34 19
36 20
2 33
24 0
1 26
7 29
13 18
39 15
25 36
19 38
40 40
38 11
5 29
12 9
9 11
35 17
6 29
21 4
36 14
25 28
11 8
4 9
23 7
24 28
0 0
27 20
6 21
9 36
19 36
30 22
34 28
12 23
3 10
3 29
26 37
0 12
32 37
14 36
28 19
34 17
7 17
1 28
4 24
19 26
20 3
13 17
29 38
19 16
21 28
26 40
37 17
16 28
15 37
12 0
35 29
6 15
0 7
17 10
10 16
29 28
8 2
31 14
39 29
31 36
4 24
39 0
21 5
35 1
3 39
14 22
21 36
38 1
30 8
41 7
19 26
25 1
37 6
4 40
26 20
7 11
28 3
11 8
38 18
10 28
39 29
11 23
18 25
37 41
28 34
8 19
13 4
19 20
21 6
40 22
35 29
7 8
4 25
11 40
19 9
19 19
20 38
27 3
31 8
40 16
41 40
17 39
28 27
30 24
18 20
21 18
30 40
12 34
0 37
39 24
27 39
17 2
20 37
34 24
0 21
5 22
1 11
2 15
26 17
39 28
25 12
23 15
38 14
23 32
10 32
28 23
37 30
31 4
23 4
6 36
40 29
41 0
28 7
9 17
40 1
29 6
2 21
33 3
13 14
34 15
18 17
17 21
12 7
14 37
12 40
36 33
27 19
5 10
6 1
6 27
11 10
38 13
2 4
20 30
14 1
29 20
30 24
28 6
3 38
31 27
25 32
14 2
37 24
18 41
26 29
25 28
33 30
21 0
33 40
32 40
18 14
33 17
11 14
27 29
26 9
32 6
25 0
40 21
1 34
3 7
8 38
18 25
17 21
9 18
35 16
2 27
30 36
40 10
5 7
0 14
18 34
4 28
4 34
5 10
38 10
7 29
15 29
23 17
29 13
19 20
5 38
8 23
5 40
6 10
30 31
13 12
31 39
5 14
5 7
37 34
8 0
27 29
22 6
17 30
32 37
32 41
33 40
21 18
12 2
6 13
19 28
28 20
38 21
32 27
21 4
3 6
20 16
29 18
16 10
10 3
39 24
18 12
35 33
35 11
39 13
1 34
39 2
16 15
10 2
33 23
38 12
27 19
12 35
30 33
22 9
16 8
23 10
33 22
35 22
15 4
33 28
3 14
37 19
14 36
8 19
41 10
18 3
26 2
14 17
26 25
28 5
21 15
2 35
35 22
27 21
27 39
13 39
8 37
2 12
39 19
30 38
19 16
26 29
30 10
16 28
37 20
20 7
5 21
40 29
36 29
8 21
21 37
20 34
16 26
2 8
0 38
29 33
18 30
21 4
25 36
21 37
31 1
33 23
41 18
31 7
3 19
25 5
4 40
35 33
10 27
19 3
35 36
25 8
26 25
32 37
40 9
28 33
11 4
13 7
39 12
32 14
23 1
38 29
9 30
7 19
23 41
37 0
31 16
22 31
18 31
30 11
31 11
21 40
26 37
24 41
30 1
38 21
7 28
6 15
36 16
20 27
23 9
13 10
32 35
0 28
29 28
25 22
14 31
31 34
28 31
23 25
30 11
38 25
7 21
34 20
22 33
40 23
33 24
25 6
0 12
14 32
19 31
3 9
23 2
32 27
37 5
6 16
36 34
10 18
14 37
5 28
31 31
29 12
9 36
9 27
41 18
31 31
14 36
21 24
34 27
4 39
37 11
40 13
11 23
19 40
15 16
18 39
34 22
1 30
41 2
24 12
30 35
20 38
32 29
38 14
17 25
7 5
38 33
14 23
8 32
41 18
8 31
21 29
18 40
34 36
26 26
33 9
19 32
0 12
4 41
8 29
25 34
27 22
24 4
24 39
32 3
38 13
23 26
17 31
38 4
20 6
5 37
28 7
4 17
34 32
33 8
28 25
11 23
22 30
15 26
17 39
30 34
13 10
15 21
24 8
38 19
5 7
6 36
13 35
0 40
2 23
28 27
33 21
14 4
2 14
34 15
25 13
7 18
29 13
21 33
12 2
21 11
12 32
10 29
25 40
25 41
38 16
10 15
34 30
32 7
8 22
35 31
3 38
12 24
32 5
18 14
31 35
28 8
2 24
28 8
13 14
17 34
37 40
21 22
17 41
31 37
23 8
12 9
29 1
16 9
20 34
3 22
9 30
24 0
7 0
38 9
23 39
8 36
39 1
32 3
30 4
24 38
26 28
33 14
30 35
41 9
38 34
32 10
31 41
40 19
2 9
25 5
1 38
6 34
41 32
32 15
9 41
24 23
4 18
5 19
21 36
22 15
34 16
22 41
4 16
6 2
12 41
31 15
28 16
11 25
26 34
40 27
34 29
25 17
24 29
13 33
39 12
33 33
11 23
17 39
7 25
26 31
30 19
5 25
24 36
26 34
16 14
32 1
0 23
1 18
22 6
20 33
16 7
34 13
5 26
4 0
40 15
30 37
0 24
1 36
30 25
39 31
37 17
21 39
25 10
35 5
20 37
35 34
28 31
19 20
10 36
18 5
13 17
7 15
28 23
35 40
18 4
5 26
29 29
39 37
36 1
2 31
28 29
4 23
8 34
14 35
38 10
30 37
26 34
30 3
7 14
23 22
9 21
29 6
29 21
1 6
7 18
15 11
14 7
9 17
21 30
17 40
34 40
17 37
24 37
22 30
36 30
0 29
7 37
15 29
18 11
8 7
33 2
19 39
24 31
19 24
1 8
7 30
6 24
30 15
14 37
39 20
22 23
28 13
22 2
0 29
16 29
11 20
38 29
33 39
0 33
41 33
11 30
9 8
18 38
7 4
39 8
15 2
21 30
29 20
23 33
35 13
14 5
0 10
9 20
17 15
13 29
11 22
40 32
3 10
16 8
10 28
35 31
26 22
20 41
10 6
22 14
41 28
8 6
22 20
18 19
28 18
34 2
18 2
5 17
16 34
13 19
9 41
9 22
14 21
1 37
4 16
26 16
5 6
11 24
11 12
32 41
19 25
37 28
35 35
12 25
3 5
8 35
38 41
28 34
35 0
28 0
14 41
21 7
12 5
21 8
2 30
10 4
18 9
11 15
23 31
3 11
38 30
39 6
17 4
38 5
3 19
17 4
22 3
23 34
21 34
37 29
26 24
36 24
30 36
39 22
20 25
36 32
2 16
1 29
21 7
6 30
36 23
20 40
33 23
24 29
2 19
12 26
24 36
27 28
34 4
37 8
33 29
20 7
28 28
28 34
18 36
0 1
26 37
9 22
20 2
7 2
30 9
10 6
8 31
17 10
24 20
27 20
34 22
24 4
9 21
18 16
23 41
40 34
31 21
14 35
1 10
23 10
28 1
34 10
27 15
34 20
27 3
22 13
23 27
34 28
19 31
14 38
14 13
40 36
40 13
24 26
10 24
4 21
26 11
35 40
33 5
32 31
31 21
31 9
18 10
14 15
26 15
14 27
40 0
11 14
12 15
5 26
31 32
35 1
37 34
22 18
3 1
18 13
33 11
33 11
17 38
2 18
24 13
14 4
37 4
3 24
13 16
5 2
36 16
10 22
22 8
8 27
12 27
38 0
37 40
9 40
21 29
1 11
0 4
22 20
23 29
10 27
38 20
36 9
30 40
13 13
26 13
11 12
3 11
15 30
10 18
38 19
17 2
17 34
40 41
18 21
12 37
22 3
6 18
13 15
2 28
20 34
12 16
21 20
7 22
16 25
30 19
4 11
29 7
39 17
41 27
30 41
9 5
21 40
4 40
40 0
24 15
29 27
7 13
34 1
34 15
28 0
0 31
13 36
34 1
3 32
21 15
12 19
39 39
22 7
0 4
13 34
2 33
12 1
5 7
6 22
31 33
15 3
37 2
25 19
38 6
3 12
16 0
9 27
25 3
4 1
29 27
26 6
18 11
5 8
6 35
27 34
23 39
12 35
11 13
26 7
25 10
34 18
3 35
28 15
17 29
16 12
29 12
28 16
0 30
16 3
16 23
23 38
1 13
23 5
8 20
39 37
33 11
41 19
20 17
35 3
31 14
20 13
5 6
36 5
33 2
16 2
10 23
8 10
21 15
5 15
20 31
37 2
41 7
22 12
29 7
6 8
6 4
40 12
23 21
15 10
16 15
14 19
10 0
38 7
37 9
3 3
18 31
15 6
27 9
38 27
35 18
10 12
2 38
36 10
13 37
17 33
14 36
33 5
27 3
25 5
15 35
8 4
18 26
20 21
34 24
31 0
26 27
16 10
31 26
10 3
16 39
25 27
5 35
37 41
14 36
15 36
29 13
11 9
33 16
9 21
34 8
1 37
35 7
25 18
41 40
15 9
29 35
11 39
23 22
8 29
32 5
18 11
12 25
38 33
5 40
23 30
19 40
32 28
30 21
4 38
10 21
30 22
37 28
10 41
6 8
16 39
6 37
20 13
19 0
13 12
33 40
33 7
7 24
18 5
16 30
16 4
30 20
16 18
6 21
35 30
26 14
0 17
24 34
36 11
18 19
27 5
18 1
26 20
13 5
38 13
34 19
22 40
31 13
7 9
2 9
2 37
20 1
15 26
36 6
40 34
35 39
29 28
36 39
21 40
28 17
21 38
9 16
27 40
20 37
15 38
38 16
23 29
24 37
12 18
16 10
21 22
20 25
26 29
9 19
21 23
40 16
14 18
4 28
15 38
4 23
22 9
0 19
4 12
10 15
28 31
34 12
10 23
18 23
0 2
37 22
9 31
3 31
24 18
20 32
20 5
16 6
40 21
3 11
20 37
19 4
2 33
27 38
35 21
28 34
23 34
14 0
2 37
20 8
13 0
39 34
13 3
28 31
41 36
15 21
35 34
23 8
4 2
20 22
12 5
1 37
13 30
1 8
33 7
18 24
7 21
0 14
13 2
2 35
18 34
22 27
18 33
34 15
2 19
8 37
15 24
7 20
4 10
18 9
35 6
24 7
30 0
1 30
24 29
19 26
7 7
30 4
25 25
25 25
0 5
21 26
20 31
27 22
23 12
6 32
2 38
17 10
13 30
12 19
1 15
39 15
18 36
23 2
22 13
26 38
26 14
28 29
30 24
26 5
3 29
26 33
5 17
3 22
6 8
16 25
12 8
35 38
27 11
40 23
24 11
38 15
30 28
12 10
19 32
5 31
32 34
18 8
41 32
41 41
38 35
14 9
15 26
22 21
24 36
15 0
11 34
36 20
23 29
21 36
40 34
6 31
7 12
7 14
15 41
4 33
17 26
34 0
11 4
5 40
36 2
21 7
31 33
2 34
18 2
36 41
30 31
9 9
9 7
1 30
10 4
5 28
24 29
10 38
15 2
2 15
3 28
14 32
21 9
23 12
37 20
39 29
39 19
39 14
8 27
18 3
7 2
18 7
32 0
23 4
36 3
26 30
10 28
9 2
3 7
0 32
4 29
40 40
19 1
1 17
11 33
3 11
26 25
16 22
22 11
36 16
30 21
28 3
25 27
15 14
32 11
6 22
39 5
18 31
25 2
2 0
3 38
7 20
35 30
22 36
4 10
0 35
12 6
10 25
1 14
40 35
31 34
12 15
34 24
12 36
16 27
20 15
38 19
23 20
3 25
19 11
17 11
25 7
21 38
5 22
24 36
32 17
26 12
24 4
23 12
33 20
23 17
13 11
32 25
18 0
34 33
13 37
40 34
21 30
40 25
6 27
2 21
4 30
9 12
6 28
39 23
41 10
6 1
30 18
23 33
23 36
15 11
27 35
1 17
26 25
23 14
29 18
32 6
4 29
40 38
4 0
36 31
20 26
40 28
6 9
30 15
7 0
27 34
37 20
27 4
20 6
7 27
40 24
38 24
9 10
21 10
3 22
7 24
35 35
12 17
14 20
35 22
9 5
5 19
25 13
20 11
26 41
33 9
20 28
2 15
14 24
14 16
23 32
13 31
24 29
7 12
16 18
22 4
0 14
33 29
9 28
30 3
27 23
9 26
24 11
38 38
17 9
16 13
3 37
23 1
4 5
31 39
5 27
33 17
11 33
5 29
26 17
4 8
2 37
5 14
20 37
29 31
29 11
8 1
18 28
19 40
38 34
28 19
8 19
31 2
32 4
31 40
41 19
3 12
39 35
16 18
25 0
19 9
10 11
1 27
22 7
19 6
7 21
15 5
29 8
41 14
5 33
38 15
19 11
26 35
4 39
33 34
2 41
38 8
28 40
15 19
19 23
18 40
28 6
39 33
17 27
28 12
34 37
39 41
14 41
35 27
5 17
25 3
0 36
23 19
10 1
29 20
8 2
13 2
29 35
41 12
33 12
15 25
0 14
9 33
15 7
41 34
2 37
21 18
4 1
2 6
41 37
24 5
25 40
8 12
24 36
8 11
12 19
7 24
21 25
30 0
15 21
37 22
17 23
6 27
36 23
33 23
0 8
14 18
35 24
5 29
3 13
26 32
24 1
10 33
25 0
21 32
38 29
26 29
19 12
21 16
1 10
18 30
31 34
41 28
25 13
15 3
15 1
41 3
5 3
12 8
29 35
32 4
22 1
15 6
3 35
33 34
27 9
21 1
1 31
33 39
41 15
39 31
28 3
34 4
8 34
28 36
31 32
13 4
15 19
41 5
23 39
31 9
21 14
4 9
2 13
14 41
30 10
21 38
13 25
29 0
1 36
19 6
3 34
19 20
14 24
10 8
27 34
32 26
41 21
17 31
11 0
17 22
17 5
40 26
32 4
30 33
18 7
28 18
