37 16
32 17
40 9
28 29
0 37
4 15
6 30
17 14
8 13
3 29
34 15
26 15
23 21
41 31
34 16
4 10
16 24
34 37
7 25
18 34
19 38
35 2
32 1
4 11
36 12
32 10
13 35
32 34
11 12
5 3
9 5
10 25
3 38
37 8
30 35
35 23
17 10
39 4
25 36
14 3
18 40
26 15
13 17
13 7
27 24
18 10
34 38
20 6
6 20
14 3
32 14
41 4
41 25
28 25
13 27
30 41
31 21
24 12
13 4
0 35
17 38
30 9
36 5
3 11
6 15
20 37
23 21
39 34
5 16
6 24
33 24
17 11
18 15
14 35
33 1
28 39
14 7
35 32
0 29
14 12
33 37
4 11
6 25
3 0
12 16
38 4
30 13
41 35
35 22
28 10
18 14
22 5
30 16
33 23
7 24
29 34
23 5
9 25
9 20
31 11
22 10
4 33
37 5
27 19
26 39
34 16
33 2
37 26
0 7
14 31
20 10
30 6
38 26
24 2
28 15
9 14
22 20
20 22
32 32
37 26
24 35
11 15
21 36
0 27
35 15
34 29
28 19
8 15
12 25
3 20
4 29
8 1
33 33
8 37
21 25
0 39
8 6
30 19
13 38
16 20
0 11
21 9
40 41
8 28
19 25
2 13
30 12
13 25
10 8
17 36
17 1
31 30
38 0
29 15
18 10
1 21
2 12
31 26
0 37
40 38
12 7
18 13
21 19
18 41
0 10
38 38
39 18
13 16
12 8
0 36
40 10
31 3
29 14
26 3
17 24
23 32
16 33
4 15
37 36
21 33
27 30
1 40
4 22
11 18
24 8
17 17
11 39
16 19
33 39
27 0
9 34
10 12
32 10
20 27
11 17
21 6
36 32
31 1
28 1
38 7
3 12
10 30
27 40
29 28
36 27
26 30
20 7
15 17
26 37
6 21
29 18
41 23
21 39
39 12
15 2
29 9
1 28
35 29
4 6
28 21
18 15
7 32
1 22
8 28
0 14
11 32
0 12
13 37
38 38
6 21
38 14
3 39
8 5
39 34
26 2
26 23
37 10
4 22
12 15
0 35
37 39
36 7
41 21
10 3
32 34
34 10
7 1
37 12
33 5
11 40
29 41
32 24
3 25
38 23
29 16
16 33
9 19
9 12
39 26
23 5
37 13
26 22
3 33
37 9
16 24
17 40
41 36
0 22
27 0
10 13
28 26
23 18
28 13
29 37
34 21
9 3
8 27
31 0
11 9
31 7
39 9
5 33
33 35
17 27
4 19
9 21
2 24
12 32
1 35
24 9
6 31
1 6
21 26
14 39
41 26
38 13
20 19
8 16
28 36
38 40
37 14
28 27
28 8
7 11
30 27
3 4
12 18
5 36
40 31
18 35
4 23
34 35
23 25
36 29
18 6
37 40
15 18
2 21
28 37
15 35
23 27
30 0
4 39
31 18
26 15
28 39
22 15
20 31
9 18
38 2
18 22
25 20
8 12
0 29
19 30
0 28
29 27
32 22
0 28
37 27
9 12
35 18
41 23
19 39
38 18
22 27
25 27
3 18
31 33
16 32
29 7
15 22
35 14
18 17
32 10
14 24
32 6
20 24
18 28
18 41
22 26
5 3
17 3
2 0
28 34
27 9
8 38
22 19
40 11
22 36
18 10
32 5
17 12
16 16
41 33
20 40
40 37
41 19
2 10
30 10
8 31
5 40
32 11
11 38
18 7
2 7
22 4
1 35
40 3
5 5
24 39
10 20
37 36
35 18
35 10
19 40
8 36
28 24
15 13
24 7
26 7
20 24
27 27
9 3
26 23
0 24
41 41
2 13
33 1
6 17
1 4
19 15
23 10
30 40
29 18
12 28
19 10
6 8
25 10
32 20
11 27
35 20
19 22
18 31
11 23
24 3
32 20
19 32
38 28
36 35
11 5
25 37
16 33
5 31
40 39
39 10
19 24
34 11
18 11
40 41
14 16
7 21
7 3
6 39
26 24
41 10
1 33
17 35
31 31
30 24
28 21
19 14
9 21
0 27
1 31
38 40
8 30
18 22
36 40
21 35
18 3
0 20
37 16
27 16
3 13
30 25
0 24
9 28
25 13
24 18
38 23
14 26
12 37
34 5
19 15
21 39
27 39
15 30
16 30
36 1
8 10
11 39
30 38
7 8
22 36
40 4
32 40
3 18
30 20
18 5
24 29
1 8
1 7
35 16
6 38
27 36
19 10
29 22
23 10
25 29
23 35
16 12
37 15
9 6
6 16
25 26
12 5
11 28
22 12
0 30
22 6
6 38
7 36
2 5
35 36
5 26
41 33
8 30
28 0
13 26
22 21
6 37
27 40
29 36
28 0
25 21
3 24
41 37
22 27
15 34
33 38
5 20
26 11
5 24
17 36
14 6
21 11
36 37
17 29
24 9
11 24
31 28
7 18
11 16
24 36
22 6
5 29
35 4
23 33
16 28
27 41
23 22
34 13
31 1
31 21
6 4
8 24
26 37
28 33
1 26
18 1
36 10
11 7
2 3
25 2
9 13
36 36
17 39
39 19
2 25
23 29
13 37
22 41
24 7
23 23
32 6
41 9
15 29
26 6
18 1
31 26
12 27
8 20
7 41
6 14
23 7
17 38
29 27
25 21
26 6
38 38
32 23
35 13
22 32
28 24
33 29
14 40
31 41
38 15
10 30
10 29
3 25
3 12
13 22
27 39
11 40
41 0
7 15
15 19
25 22
26 1
38 25
12 41
5 20
21 6
0 22
22 0
27 20
38 29
41 2
5 26
28 31
31 8
41 29
40 24
15 26
16 6
38 30
31 40
12 19
34 25
24 38
12 33
14 40
18 13
22 36
21 6
5 21
13 3
39 39
7 33
25 20
2 0
26 14
41 10
30 26
32 19
8 18
24 7
35 37
0 35
13 9
6 31
38 3
2 23
28 20
38 30
6 16
37 21
28 19
22 9
33 15
31 23
10 6
12 31
3 17
1 40
31 37
38 41
16 18
10 30
23 20
19 0
19 23
4 22
2 0
13 33
10 32
9 12
10 27
16 17
24 3
29 5
17 8
27 38
4 0
26 36
10 29
38 14
40 3
28 7
15 34
26 9
25 6
36 5
22 16
36 4
14 22
19 24
26 10
38 22
27 41
39 21
23 3
39 26
1 5
8 3
27 35
38 11
4 35
25 12
12 39
41 25
6 4
9 18
9 11
17 0
1 41
22 2
20 1
23 24
8 7
10 6
26 32
32 14
33 27
19 16
30 17
25 37
6 40
41 14
26 8
30 22
4 27
9 23
30 26
2 28
0 1
20 3
20 14
38 35
16 11
19 20
25 2
0 28
27 8
21 26
13 5
36 21
33 5
11 27
17 19
10 39
38 30
4 7
30 12
37 34
21 41
33 12
21 15
35 16
20 28
29 36
40 23
25 30
30 11
36 10
4 24
41 23
37 39
25 38
22 8
0 10
18 23
1 37
18 15
30 14
34 1
26 2
4 16
33 33
31 29
23 32
3 33
9 8
12 39
10 11
21 33
20 3
16 37
38 1
9 32
2 12
0 24
1 39
15 28
38 17
25 23
16 18
15 24
40 41
18 1
1 11
22 39
38 5
18 22
23 23
1 30
17 41
31 19
18 1
29 28
0 4
12 14
1 25
39 14
32 22
28 9
14 27
32 4
27 25
10 41
11 9
11 24
18 17
30 8
12 36
41 33
25 26
11 7
35 1
3 32
9 0
30 27
32 8
28 4
33 32
6 2
34 3
4 19
35 27
23 33
28 23
16 19
41 32
21 37
10 36
14 8
28 15
23 13
24 9
20 21
34 30
4 39
36 31
20 38
26 37
16 23
21 1
26 21
22 41
36 25
5 0
8 41
10 8
18 32
15 6
32 10
15 27
29 13
0 18
14 39
10 37
28 36
41 3
10 31
16 5
11 31
10 33
15 40
35 10
12 30
21 1
29 21
18 9
4 19
19 34
27 8
14 32
15 38
5 41
25 40
22 26
7 19
18 17
5 28
2 19
36 34
28 8
21 13
3 23
2 41
15 38
5 36
15 27
14 2
16 6
16 35
10 8
11 16
14 4
27 15
6 34
8 37
0 33
39 23
17 8
10 35
20 10
7 14
38 9
28 21
3 33
30 2
29 35
36 41
12 41
38 38
18 0
26 8
30 38
7 35
19 32
12 25
7 40
17 35
33 3
11 4
22 30
10 34
9 41
31 12
38 13
6 39
8 29
9 31
7 41
7 0
24 3
22 18
39 12
14 7
23 35
11 39
11 3
0 19
38 41
19 38
16 7
19 37
19 0
40 4
21 34
37 26
12 0
36 3
25 20
32 32
37 8
16 41
7 5
31 35
18 24
0 1
34 2
13 39
39 2
22 40
19 28
2 7
36 26
29 20
31 26
41 11
20 40
13 1
17 30
31 28
39 23
11 27
34 0
38 20
9 31
15 11
13 10
25 33
4 18
13 17
27 31
2 15
0 36
19 14
16 29
10 21
37 37
34 40
12 26
13 24
19 22
28 17
41 23
37 29
1 11
13 19
41 36
10 1
22 34
34 18
22 22
8 19
35 36
31 26
11 4
33 8
15 2
40 2
41 32
21 35
31 15
26 17
8 5
14 25
24 34
18 41
11 38
6 8
10 16
34 21
31 15
32 30
11 7
16 4
21 12
37 20
31 18
18 9
33 35
9 38
3 21
41 40
9 11
7 17
36 11
13 39
19 2
10 30
19 38
27 19
24 16
13 34
12 30
13 2
13 27
28 18
16 32
30 28
5 28
36 36
29 29
10 23
13 10
24 34
29 19
22 28
17 16
0 31
18 24
30 18
38 34
24 15
22 41
37 1
22 13
15 40
31 23
29 21
38 22
24 13
21 32
35 6
14 5
7 20
0 0
18 3
41 26
13 33
18 5
29 28
13 41
0 4
26 6
19 32
5 4
25 14
33 11
14 31
33 10
37 1
13 26
14 40
8 31
21 14
22 12
3 33
31 5
25 41
7 31
33 10
1 38
8 24
8 33
29 14
5 5
33 18
17 38
8 29
11 24
39 24
29 39
38 7
2 40
31 24
39 0
29 22
8 33
40 30
23 10
34 8
29 7
34 16
23 12
7 1
16 23
10 35
25 18
10 3
3 17
25 38
41 18
12 38
4 7
33 29
25 18
40 6
38 0
13 5
9 36
37 6
40 40
3 10
20 0
39 32
35 27
28 24
25 3
16 17
2 7
31 36
0 18
41 35
40 9
23 26
38 5
10 16
6 12
3 22
36 13
12 9
0 5
28 25
6 18
13 15
12 6
4 36
33 1
41 7
23 1
9 8
13 16
17 24
17 33
17 26
38 21
31 25
37 11
11 24
30 13
5 22
27 3
37 39
14 22
13 1
25 36
3 15
12 35
38 22
11 28
39 8
40 9
39 39
24 9
2 34
0 5
40 5
5 22
16 30
4 28
4 10
9 1
17 9
16 1
4 33
4 32
18 9
11 39
38 0
36 21
25 20
12 31
10 36
29 35
27 1
6 5
28 27
19 3
40 20
0 1
22 12
33 8
8 4
28 17
2 6
32 37
9 14
0 38
24 26
17 15
39 0
14 32
26 15
40 6
29 24
26 4
10 26
4 34
27 3
13 35
16 19
13 26
1 31
25 36
34 33
9 26
36 38
29 20
39 13
31 16
35 21
37 1
35 11
40 36
32 4
10 11
17 4
18 3
22 32
40 13
40 22
29 41
25 0
26 19
11 36
11 36
41 34
36 33
11 11
39 33
9 21
15 13
9 19
36 1
12 32
35 37
14 18
35 4
15 13
39 22
2 29
11 7
39 37
12 34
5 37
24 17
25 7
40 9
29 39
2 25
17 28
25 5
38 38
35 8
41 21
21 6
14 16
4 29
5 26
27 15
7 6
17 4
31 11
14 41
15 27
15 18
21 6
19 41
28 33
22 0
35 39
1 12
1 6
37 40
37 13
37 25
18 10
15 21
28 30
7 24
29 11
23 7
8 8
29 14
14 32
19 39
6 26
20 16
10 23
8 6
34 17
12 0
4 29
15 8
40 16
37 36
1 19
23 40
33 21
41 13
16 26
31 25
21 11
17 13
27 33
40 24
4 38
19 13
0 27
32 16
34 24
35 39
15 35
8 11
35 14
1 15
20 36
35 35
9 2
5 4
22 23
40 16
23 41
3 17
41 16
27 14
32 37
37 34
30 36
11 32
36 36
11 34
12 1
32 23
37 11
26 1
31 14
8 2
30 35
11 17
0 1
7 16
25 17
36 4
30 16
15 22
21 28
5 17
29 15
36 13
40 37
7 19
41 3
11 22
32 18
40 3
7 9
38 40
23 26
19 2
35 18
14 16
25 5
6 24
33 41
22 16
26 27
40 19
5 15
8 27
1 13
7 15
4 33
18 9
41 18
34 31
13 35
13 18
12 0
29 16
32 16
17 25
32 27
12 22
33 30
18 11
11 2
22 9
25 30
17 4
41 24
24 5
39 20
41 4
30 27
33 6
40 22
40 32
12 30
20 20
33 18
1 36
24 13
17 35
26 21
18 8
32 4
40 13
11 16
7 0
20 30
32 17
9 24
5 25
34 32
15 26
14 28
27 39
0 29
37 14
16 31
32 24
35 11
35 30
31 40
35 20
13 8
10 9
35 8
40 25
22 6
11 34
27 37
34 23
34 12
22 2
27 1
32 41
6 22
13 4
35 15
36 8
39 6
16 12
40 41
0 32
24 35
34 33
4 20
21 12
4 15
17 32
39 37
24 6
27 29
34 16
33 15
11 4
0 17
12 35
41 37
0 0
37 2
23 12
28 17
20 24
1 3
30 20
31 27
14 18
2 2
18 15
39 15
8 7
6 36
23 14
33 33
39 9
38 10
12 16
22 28
38 36
14 25
15 10
26 24
22 41
15 23
35 41
34 8
24 21
13 15
20 5
30 4
3 30
10 12
18 3
13 28
20 10
30 38
2 41
8 31
7 9
28 37
5 2
6 6
1 17
36 11
34 35
17 27
11 14
19 4
27 6
0 18
36 36
9 38
14 28
16 0
10 38
29 33
9 7
0 8
3 36
30 30
8 8
28 28
9 21
19 40
26 13
13 24
9 2
19 5
7 2
33 13
25 12
6 33
27 16
38 21
23 3
14 38
18 36
23 41
29 14
37 11
20 23
17 38
1 38
9 7
37 32
3 17
29 20
14 9
32 20
41 15
19 1
19 32
24 17
5 41
5 3
7 35
24 8
29 13
8 23
23 41
15 6
33 10
8 29
28 20
36 16
27 32
7 29
6 15
27 18
5 11
29 33
6 33
39 19
14 21
3 4
19 13
30 34
28 39
22 7
31 23
18 34
3 28
9 41
30 29
6 39
2 3
39 36
29 0
41 36
33 23
18 32
27 21
36 22
11 29
39 10
9 20
19 33
2 34
1 32
37 28
25 34
35 21
0 1
10 0
32 23
12 19
36 24
29 15
5 27
27 24
7 16
38 2
38 5
21 18
31 20
17 16
14 4
17 17
18 18
25 1
8 32
14 12
21 37
17 2
11 3
40 8
5 0
27 4
16 7
39 37
31 22
2 13
37 36
28 24
24 21
19 15
22 34
37 6
10 7
19 26
14 36
38 29
31 10
0 1
7 11
41 36
20 13
14 2
37 6
3 24
0 12
26 35
40 7
8 34
11 31
38 24
33 10
34 28
10 3
34 17
17 11
8 25
37 34
37 6
23 26
32 25
11 3
31 32
40 30
16 39
32 24
1 6
35 32
39 0
22 30
12 35
23 39
23 25
29 22
30 7
26 13
4 32
0 31
14 19
22 38
24 14
4 16
36 26
34 34
39 2
39 41
22 33
25 14
8 4
32 17
35 27
33 38
23 12
8 12
3 5
29 34
12 33
6 10
3 5
17 30
38 24
7 3
34 23
26 12
10 23
40 40
27 30
26 2
28 7
32 38
24 11
4 14
24 5
2 20
24 30
18 14
25 32
24 5
28 15
14 11
0 14
27 18
8 31
15 9
3 0
18 19
2 5
12 11
6 26
5 15
27 19
21 25
33 20
17 20
26 35
7 18
6 28
20 39
4 17
22 4
4 31
18 34
7 27
19 36
2 29
4 35
38 26
23 37
27 41
3 29
12 11
15 31
1 21
14 35
23 15
25 3
18 24
38 24
12 6
0 28
19 14
19 25
6 18
20 16
0 30
6 32
41 36
2 21
33 34
28 22
3 35
14 21
13 18
10 24
2 35
36 16
19 3
7 32
27 3
11 33
23 37
35 35
39 33
22 25
20 26
13 4
23 14
3 15
3 31
33 21
40 2
13 41
14 31
24 9
22 10
28 5
12 39
21 37
28 19
1 1
17 14
27 14
9 29
30 23
41 10
8 32
18 18
41 9
14 22
1 38
29 31
39 15
3 28
34 1
38 12
6 24
7 39
41 30
39 40
14 2
34 25
29 12
28 6
21 12
38 27
29 22
16 9
30 4
37 9
2 26
2 39
15 25
22 6
4 38
35 20
12 8
39 32
5 14
3 30
18 19
7 41
25 15
5 37
32 23
38 23
41 33
15 9
11 17
35 32
26 17
40 28
37 24
10 13
25 1
8 28
11 28
14 12
40 17
41 39
11 35
8 21
21 37
37 22
32 35
27 32
33 20
24 8
23 5
1 35
31 2
13 10
35 17
17 0
27 33
6 28
10 17
27 35
19 17
14 40
4 25
3 29
33 28
4 29
34 40
21 37
23 10
17 41
33 2
15 23
27 6
26 9
27 19
12 24
1 13
14 12
31 37
19 31
12 33
3 39
3 27
24 11
36 27
15 3
13 0
7 3
18 27
36 16
1 4
40 9
23 7
18 17
30 38
1 18
38 27
32 17
39 30
14 19
13 4
0 37
14 23
39 30
13 3
39 11
23 26
34 19
34 13
13 39
16 12
30 22
34 13
19 34
13 30
2 37
16 41
14 0
32 29
18 15
17 5
40 9
20 1
30 19
40 18
5 15
33 1
4 12
7 17
6 12
10 19
31 39
20 25
21 22
21 29
9 7
31 35
22 35
34 3
0 21
17 31
32 0
21 7
32 8
10 2
2 1
30 33
12 2
17 0
41 32
8 38
6 8
23 0
4 7
37 19
0 25
0 3
29 33
4 37
31 4
9 2
38 22
10 22
27 38
35 40
4 2
0 3
13 37
40 15
23 24
41 8
20 36
7 37
3 22
10 21
26 10
25 23
29 10
40 4
24 31
21 11
11 35
17 7
9 11
2 41
29 0
32 18
39 16
8 32
28 23
41 1
16 12
19 26
19 2
1 8
28 4
39 21
26 23
14 3
2 9
32 4
21 16
37 18
22 20
24 15
38 18
15 18
6 29
14 2
27 32
15 40
25 33
20 12
2 14
39 13
6 3
15 30
39 7
36 16
12 36
21 34
40 40
10 41
41 8
36 13
4 7
38 9
19 29
20 24
28 8
39 15
34 6
0 33
5 13
1 1
41 0
35 40
14 32
3 11
38 18
16 11
31 17
37 5
26 2
9 32
7 41
6 7
25 19
30 4
28 22
20 39
28 10
31 17
37 23
16 41
0 25
15 27
18 10
34 12
34 34
11 39
31 15
12 11
36 35
1 3
7 12
25 31
22 35
15 40
13 38
40 36
37 30
28 41
20 18
24 5
34 3
1 22
39 26
40 38
28 34
20 30
35 3
29 5
5 15
36 12
13 1
22 30
27 39
12 16
8 22
18 14
5 27
27 24
28 4
27 11
25 10
15 4
1 25
20 27
28 21
1 38
3 6
26 25
8 34
41 11
2 17
41 11
26 2
35 14
37 14
18 17
36 28
3 35
11 0
9 23
7 38
11 22
32 16
13 25
8 1
5 9
8 10
24 41
38 7
25 33
40 12
21 6
23 5
7 34
16 38
39 23
27 22
41 34
35 0
21 10
5 21
26 24
30 11
22 23
9 37
25 22
14 14
22 10
27 20
20 5
24 36
23 19
27 30
16 15
1 14
29 34
34 12
15 10
37 21
4 5
34 38
40 15
41 26
31 6
9 20
23 15
18 33
4 32
35 27
30 30
33 23
34 23
39 31
16 37
36 6
31 27
6 12
40 18
4 41
33 28
18 39
36 36
15 14
5 32
15 20
19 27
6 39
15 25
5 15
21 18
17 10
20 7
41 13
19 8
21 41
38 17
15 24
23 5
28 0
5 13
41 29
24 2
20 25
41 8
31 39
36 11
40 34
0 24
5 36
23 32
3 9
4 18
30 21
12 17
32 25
22 30
34 15
28 0
40 39
17 3
31 21
33 20
29 34
29 16
22 25
10 36
38 5
36 16
37 12
41 29
24 0
10 33
9 11
31 14
31 11
33 34
30 37
13 29
16 15
28 37
20 9
25 23
14 9
16 13
0 7
18 36
12 2
40 11
8 31
33 23
26 34
35 19
10 23
27 39
26 35
2 28
30 34
21 6
26 15
9 23
15 36
14 39
26 25
32 1
28 18
37 18
5 9
5 0
31 0
12 5
4 3
38 11
2 4
1 7
29 23
12 20
3 35
32 21
33 40
1 21
1 13
2 3
33 29
30 31
21 30
39 1
37 2
39 13
9 38
32 36
4 23
41 26
3 0
38 24
6 30
32 37
33 39
11 31
10 21
15 29
0 16
26 22
24 9
29 33
12 31
22 22
30 19
24 24
21 26
2 19
6 8
31 28
1 25
24 14
26 8
16 4
25 37
14 40
36 16
31 39
40 16
16 9
33 37
40 39
32 6
8 5
31 21
26 34
13 18
5 41
33 24
25 23
17 10
14 24
28 36
27 27
38 3
4 19
1 32
30 28
18 0
4 5
5 11
16 24
34 28
24 32
26 31
37 15
29 34
40 28
41 40
11 19
9 17
10 21
18 4
21 10
27 37
33 7
25 8
24 4
34 41
9 33
17 18
10 41
30 10
36 27
24 3
6 22
9 20
6 24
13 17
19 0
20 27
32 3
7 38
14 21
3 15
11 30
34 36
20 40
12 28
24 30
26 18
33 10
35 3
28 41
36 29
41 22
22 36
25 16
37 41
14 22
16 7
26 11
13 35
27 18
39 17
38 35
4 27
41 10
24 39
0 36
31 28
40 23
28 19
41 18
41 18
33 25
7 30
8 36
14 16
4 10
10 11
31 26
19 10
13 11
32 22
8 2
19 38
34 14
29 31
7 14
2 33
3 32
9 40
36 32
15 16
24 35
19 15
22 37
15 12
19 22
41 7
31 18
0 14
16 11
0 27
13 17
1 37
4 33
23 41
7 31
25 31
17 27
27 10
37 17
40 19
5 30
36 10
25 38
29 34
15 26
10 6
32 40
8 29
7 24
6 40
29 1
6 12
1 31
10 11
11 40
5 5
11 5
5 6
36 17
13 28
25 17
30 38
8 2
12 18
23 33
32 26
34 41
23 19
15 0
25 10
20 12
29 26
10 38
15 29
37 32
40 33
33 29
4 24
12 10
0 32
0 22
15 24
4 37
22 20
20 9
19 39
3 36
4 24
25 13
7 30
23 38
36 10
14 10
32 15
35 39
13 34
25 11
6 14
4 26
39 37
27 4
6 19
30 7
3 3
19 34
32 39
32 1
25 8
38 16
37 34
33 9
2 25
21 0
16 38
35 38
40 38
40 12
2 27
6 3
14 35
35 2
36 15
23 26
15 35
33 38
31 4
7 39
10 10
32 9
19 18
16 41
4 9
5 22
36 10
21 26
18 2
3 16
13 28
14 25
6 9
10 11
20 13
2 0
35 18
31 14
8 14
34 9
5 30
7 12
17 18
39 38
0 15
27 27
33 6
11 30
39 3
31 3
25 26
28 3
19 19
24 0
14 17
41 16
33 21
25 38
30 32
29 10
7 17
30 38
11 34
8 6
11 21
17 27
27 41
13 20
21 36
3 7
30 11
15 16
39 17
18 1
23 4
4 18
15 9
17 18
12 31
3 16
32 1
17 41
25 11
37 24
28 14
2 2
1 37
39 41
24 33
28 1
39 19
20 7
32 9
25 23
5 29
39 33
32 18
15 24
24 16
19 37
33 34
36 11
31 41
26 27
11 28
25 21
31 30
6 19
21 23
7 30
36 35
41 9
23 38
34 32
7 21
16 15
21 2
37 38
0 4
4 5
20 13
5 10
7 3
33 5
36 13
3 40
8 27
0 37
38 14
26 27
25 33
41 16
33 38
12 16
11 28
25 0
19 14
23 23
28 12
38 27
35 14
2 37
10 28
31 8
23 35
7 39
24 41
38 9
10 2
24 38
2 28
9 4
33 26
4 21
38 3
2 6
16 22
18 7
32 6
21 28
39 26
30 24
30 33
21 41
3 30
23 15
41 28
31 11
5 32
9 25
3 25
20 24
31 31
6 20
2 21
32 36
9 39
34 26
1 5
14 30
1 16
18 5
21 38
17 1
14 5
17 29
21 14
28 9
38 33
32 6
3 9
20 28
36 20
3 10
34 10
36 7
8 24
29 18
36 33
27 9
31 26
14 31
11 25
26 28
33 31
7 23
27 6
39 5
14 37
40 17
0 10
23 25
32 32
40 36
34 12
41 9
9 17
15 10
40 6
0 24
38 3
13 27
3 14
32 4
39 24
25 31
7 16
38 32
28 7
4 14
17 2
7 38
23 6
14 16
28 35
11 20
18 17
37 33
37 9
12 22
33 39
21 12
33 18
12 2
35 25
21 25
19 2
1 32
7 25
29 25
8 29
13 40
27 22
1 3
30 18
6 41
0 2
12 6
20 28
27 38
4 8
16 15
8 17
0 40
24 11
20 26
6 13
41 20
7 41
0 28
9 12
31 7
8 37
16 2
4 35
23 9
24 27
28 13
26 6
9 36
24 33
25 2
41 17
41 22
34 10
26 23
32 18
23 31
39 35
41 30
7 12
23 27
6 20
8 19
11 4
37 37
40 39
28 35
14 16
40 21
5 14
39 38
8 28
34 6
40 21
31 30
5 10
29 1
15 22
37 2
35 35
16 35
17 21
40 3
18 9
26 41
2 14
21 4
26 24
32 0
23 3
20 39
31 1
41 35
7 14
7 22
23 17
35 29
14 4
37 10
31 10
19 18
18 17
22 8
22 5
40 20
37 39
18 38
37 23
7 28
25 22
11 7
8 22
40 28
27 21
4 31
31 37
40 3
4 17
31 36
30 11
38 28
17 1
32 20
41 8
10 27
16 37
6 39
19 34
3 33
28 10
30 15
38 13
35 10
25 14
23 23
2 7
9 24
40 33
24 20
3 40
11 8
17 10
13 14
12 17
13 41
18 15
37 5
7 18
14 27
22 30
35 10
37 12
10 20
25 18
31 9
36 25
36 21
19 12
5 24
41 12
36 27
40 5
19 37
1 36
41 37
1 36
2 38
5 32
4 24
4 22
7 32
0 18
17 19
41 35
7 37
0 25
31 8
3 10
8 22
41 33
13 9
5 14
33 28
16 20
15 18
6 9
22 16
9 5
38 39
24 2
2 16
4 37
12 16
16 23
35 21
33 37
26 20
5 13
33 38
26 31
20 0
1 2
24 32
20 2
36 3
35 3
10 7
2 11
26 6
4 36
29 28
13 2
2 40
34 22
21 5
7 21
6 8
38 7
21 40
33 41
20 40
2 1
22 36
16 19
9 29
41 7
35 33
18 12
38 7
9 13
20 40
21 10
10 3
21 4
24 12
0 5
29 31
36 29
3 10
25 17
16 15
34 22
0 39
30 38
20 21
17 20
38 37
40 8
23 10
28 15
24 29
23 27
9 8
5 34
22 5
13 18
6 23
10 37
38 15
0 28
2 38
36 31
4 28
5 15
13 6
5 32
38 5
1 0
17 35
3 33
29 25
24 28
40 14
24 40
40 19
33 30
27 6
13 33
3 6
21 3
4 24
26 26
6 40
10 35
9 0
21 11
19 29
26 17
16 36
17 41
33 39
36 13
6 10
33 18
26 18
3 4
40 40
31 21
23 33
26 29
27 30
30 17
15 15
7 38
4 10
41 18
36 36
33 34
21 33
26 39
32 23
10 41
25 2
16 39
17 16
34 10
11 16
13 19
37 7
6 27
1 40
7 22
13 7
24 9
6 38
33 14
10 23
41 28
16 41
40 7
12 36
20 25
36 16
38 10
24 6
24 29
27 12
40 7
38 27
39 17
1 5
8 15
21 32
21 31
22 27
15 3
2 16
32 24
10 9
26 10
8 24
8 19
22 9
4 22
14 28
5 12
17 15
31 2
23 19
7 30
14 10
12 21
39 3
1 25
7 12
40 24
18 21
24 9
2 13
11 38
8 0
37 26
15 18
7 2
23 10
34 30
32 39
36 2
2 1
25 23
5 35
22 0
13 39
41 16
10 17
9 28
18 24
27 15
40 22
8 13
6 6
31 6
23 2
10 6
27 4
3 0
28 15
12 41
21 27
18 26
13 14
30 14
19 26
6 27
23 12
18 35
4 12
2 18
37 11
9 12
1 37
5 40
19 3
28 0
32 35
37 14
7 37
6 19
11 6
9 11
41 22
27 33
0 24
10 20
29 23
20 11
1 31
6 18
2 22
13 35
27 36
11 11
30 24
11 37
12 36
31 33
32 37
3 19
37 37
38 35
21 8
22 21
34 41
17 9
34 29
3 16
11 39
19 20
34 16
17 20
1 29
22 26
37 6
21 29
11 19
0 12
10 20
6 4
41 7
21 16
0 13
17 30
14 2
33 27
14 1
5 15
1 18
24 19
5 29
2 28
29 25
12 9
8 12
0 17
16 31
32 33
2 40
34 37
33 25
33 5
18 20
34 30
5 22
5 38
14 22
7 41
35 2
18 0
17 10
6 30
4 10
24 13
28 38
37 8
36 23
17 32
0 26
39 33
27 12
7 25
4 22
32 30
1 5
30 24
20 5
39 2
14 20
40 37
30 32
31 31
6 35
28 26
22 13
32 23
24 38
18 36
19 9
32 20
20 4
38 16
36 9
17 40
14 28
32 21
10 38
40 32
7 6
29 2
39 14
12 36
23 24
4 2
20 34
11 28
15 19
17 40
41 5
23 2
18 17
30 12
39 12
20 8
35 41
2 30
15 32
24 29
28 33
36 4
26 17
26 16
36 4
12 41
24 8
24 32
20 5
13 38
15 24
14 19
31 41
18 4
30 20
15 5
13 37
26 34
27 33
15 13
35 9
4 9
3 1
19 16
23 23
0 27
6 0
1 9
28 20
1 1
24 11
6 36
28 31
32 3
17 15
2 31
19 24
25 35
41 33
10 17
37 13
1 14
7 18
11 30
2 7
20 37
32 3
33 20
34 31
40 27
4 19
7 4
16 16
28 12
19 12
38 10
6 12
26 34
7 37
3 27
32 25
27 19
12 37
24 4
14 15
15 25
18 8
40 25
22 11
23 31
7 25
14 31
2 34
27 34
9 11
17 26
8 40
41 2
30 1
38 20
33 37
17 30
15 30
36 39
31 22
15 38
17 13
28 0
17 22
20 24
17 30
12 12
9 29
10 9
30 15
27 7
36 37
35 37
17 22
32 24
10 5
19 5
3 25
0 11
14 27
14 13
11 28
37 26
19 11
11 7
9 5
3 15
0 18
36 41
26 14
24 36
22 9
33 14
0 38
20 21
30 25
33 21
2 16
27 33
18 33
21 19
38 4
13 41
23 38
38 25
32 32
26 17
7 20
15 10
36 5
27 12
27 10
28 35
41 16
7 9
22 9
16 25
1 35
32 33
11 29
41 10
12 25
31 2
1 29
18 11
36 17
22 1
13 40
41 11
4 11
17 34
13 30
26 30
26 4
27 10
26 5
28 4
4 30
9 22
36 28
19 11
14 15
23 27
31 38
13 29
23 40
5 22
14 11
28 20
0 16
5 12
2 14
1 30
41 11
36 21
29 19
27 14
9 12
20 21
10 0
15 31
25 7
15 16
8 6
0 39
31 13
13 7
34 26
12 18
12 8
27 12
15 2
19 41
18 24
12 28
0 10
39 30
10 39
34 8
28 40
4 2
10 24
41 6
39 23
16 17
33 11
39 20
0 28
31 30
40 5
37 10
18 32
9 41
0 13
2 19
30 11
12 24
20 16
11 11
9 40
17 37
38 26
18 15
39 4
18 14
11 22
40 15
40 2
6 16
2 3
39 25
5 30
34 41
5 39
0 26
15 41
30 35
14 10
17 18
17 19
3 18
16 11
28 13
31 23
17 18
13 22
34 22
6 18
5 18
23 26
6 28
11 32
10 17
17 5
22 7
5 8
39 18
12 3
7 24
21 20
8 16
36 11
2 12
5 7
17 17
2 22
26 36
19 17
20 23
37 38
28 37
35 8
23 17
26 15
9 20
30 4
9 19
1 40
17 34
6 33
14 16
10 33
41 14
35 15
6 17
38 0
14 14
9 3
9 39
31 26
36 29
14 23
2 36
36 29
31 23
13 30
16 11
26 13
6 31
35 1
12 12
22 21
29 9
38 10
40 35
10 29
23 26
41 23
33 11
30 31
5 25
32 19
6 40
8 40
3 33
3 8
9 19
18 35
37 10
10 29
12 6
21 37
5 1
9 23
10 7
21 22
7 41
36 20
5 29
16 6
21 5
3 19
28 13
24 12
26 14
30 17
28 5
33 16
25 18
36 25
0 9
21 0
1 41
8 1
8 39
13 4
39 41
29 32
1 28
18 27
4 7
33 7
37 35
41 22
27 3
9 41
27 14
11 27
24 8
22 25
13 30
39 18
15 4
22 8
28 19
2 16
12 11
37 9
3 6
11 14
38 11
41 16
21 41
38 38
29 33
7 14
24 23
20 41
15 33
36 1
41 34
0 26
10 4
20 25
5 10
40 1
37 11
40 35
24 41
3 12
9 18
30 30
41 36
12 9
13 30
40 7
15 22
27 20
41 2
16 24
4 27
33 7
27 38
13 30
24 35
38 0
0 10
9 9
12 26
17 36
18 14
0 20
26 36
26 31
41 11
12 39
11 29
30 37
16 26
5 13
22 35
12 9
16 41
6 23
12 23
10 11
24 27
1 17
6 19
23 40
4 16
33 3
24 4
4 4
8 26
19 41
19 30
29 8
26 33
40 21
32 30
9 41
41 4
2 16
21 12
25 29
8 12
40 19
3 20
31 5
0 18
15 39
33 12
23 36
11 33
11 17
26 25
16 29
13 28
5 36
24 19
41 16
26 32
31 7
28 25
2 34
35 9
33 20
32 28
27 11
29 4
28 39
3 14
9 29
8 27
39 12
1 32
25 39
7 29
32 20
25 25
23 19
15 19
26 34
39 7
15 25
5 7
14 39
26 10
13 32
31 40
41 29
18 19
0 29
34 23
29 28
30 38
8 0
28 25
35 8
6 5
18 41
40 34
30 37
22 20
18 30
21 2
1 19
13 26
39 16
8 14
22 36
37 9
22 28
36 24
31 37
30 17
26 20
2 16
5 29
2 30
22 33
1 40
12 16
19 13
28 38
37 34
15 39
11 16
8 1
21 23
31 36
8 7
32 15
11 25
6 28
24 5
5 0
18 33
5 29
30 7
16 33
9 29
4 10
36 35
26 8
14 21
24 30
3 34
10 25
33 2
1 35
40 22
33 26
3 4
23 39
40 28
8 6
8 14
16 26
11 12
12 12
17 10
5 24
23 15
33 23
32 20
37 30
7 1
32 28
34 35
32 30
15 2
23 37
31 15
33 24
34 30
13 33
21 33
22 35
3 25
8 2
24 33
41 32
9 20
39 19
33 35
13 13
4 23
19 37
22 3
18 7
32 24
18 35
22 5
28 1
39 24
35 17
41 16
23 12
27 23
15 41
32 1
28 26
27 7
12 29
22 10
12 26
23 15
39 5
12 35
29 7
8 33
26 4
24 16
21 6
28 28
28 24
35 38
21 28
40 39
9 10
30 8
19 37
2 10
30 14
36 7
37 33
14 24
41 7
29 17
24 0
7 1
31 21
12 6
8 36
3 34
26 30
15 23
35 36
32 18
35 11
17 28
21 7
5 2
19 38
30 32
17 28
21 25
38 30
41 18
16 7
7 41
32 18
39 5
13 15
38 16
31 30
13 38
26 37
13 30
11 26
33 25
7 2
26 39
6 36
20 11
7 39
40 32
39 24
28 29
21 34
34 39
20 9
11 8
24 8
22 0
24 23
40 31
27 7
20 23
39 23
8 6
33 10
17 15
9 1
2 28
26 34
25 25
34 23
8 41
39 25
16 39
17 11
30 22
12 32
19 5
9 33
4 7
34 23
39 40
15 41
20 28
12 0
41 31
32 35
40 12
27 21
14 1
8 23
21 34
18 2
12 29
22 11
6 16
29 29
26 31
0 8
36 41
30 40
26 8
27 7
15 33
22 11
26 13
33 4
30 38
14 34
14 9
11 24
34 4
29 17
2 26
1 35
39 8
38 16
27 15
18 37
25 1
16 21
34 36
22 34
35 23
2 15
13 21
20 9
36 32
39 36
37 28
7 32
38 33
24 15
10 23
37 24
19 19
14 32
1 31
27 21
32 8
9 19
22 23
9 24
1 41
8 29
4 23
41 8
31 7
18 21
11 38
17 5
5 37
21 37
17 3
29 24
40 39
10 12
25 37
35 14
14 30
17 16
0 29
35 19
33 38
17 40
1 29
10 22
28 17
4 11
7 38
32 5
32 10
12 9
11 5
10 25
28 33
4 7
2 36
33 9
5 1
31 3
22 27
17 6
1 23
10 41
36 16
41 26
1 17
34 32
1 20
22 40
10 16
13 39
40 28
5 17
37 14
11 26
11 18
20 17
20 11
32 12
41 19
5 10
29 40
6 6
4 1
1 9
37 4
5 24
16 41
34 41
27 36
23 40
28 27
31 4
24 8
37 3
3 21
31 29
6 14
39 20
8 10
36 22
30 16
25 11
20 2
8 21
10 37
8 31
5 36
27 9
35 40
14 34
1 15
19 13
1 11
6 39
25 14
8 25
32 23
27 18
13 9
34 10
31 20
38 20
27 18
41 36
34 24
40 1
28 6
33 20
33 32
18 41
19 19
41 5
19 26
0 10
18 39
10 24
25 34
28 29
41 2
38 38
17 26
7 41
31 26
0 3
22 22
22 37
22 9
36 14
4 33
21 10
23 24
29 2
21 21
29 33
41 10
26 29
13 30
37 15
13 15
37 35
23 23
17 18
33 29
18 1
18 5
10 20
21 2
12 4
18 18
33 18
40 20
28 9
15 38
14 4
15 12
32 9
6 27
16 4
33 22
13 29
39 36
4 18
29 14
14 30
24 10
40 26
11 36
9 6
18 23
5 21
0 36
14 21
29 5
33 40
8 2
28 21
13 17
25 40
14 4
1 5
26 21
35 35
37 37
5 37
2 36
9 15
31 14
32 17
21 7
30 19
39 8
9 19
41 22
1 23
39 13
3 5
0 12
32 38
19 39
15 7
36 17
40 2
11 6
41 22
6 1
12 7
14 13
32 10
23 14
7 27
21 6
39 26
36 3
13 8
11 19
27 18
6 25
14 27
27 30
5 30
19 19
40 19
39 14
37 5
7 0
33 8
27 22
34 1
24 25
6 33
34 13
29 27
23 1
40 25
21 38
4 36
13 41
36 17
22 25
26 39
9 31
4 22
34 3
14 11
40 8
8 8
24 7
17 15
5 37
9 28
9 24
29 38
12 31
38 27
22 17
10 9
24 7
17 36
7 36
37 1
35 38
18 0
21 31
7 23
10 1
38 40
20 26
5 10
6 28
9 37
32 10
0 24
23 12
19 17
9 41
15 35
4 18
19 36
5 35
4 13
32 0
2 37
20 30
27 14
9 11
33 7
28 11
39 18
5 21
17 22
36 20
0 40
7 22
23 14
9 16
35 4
7 3
40 17
20 8
26 30
9 20
0 17
15 27
5 19
20 9
18 2
16 34
8 33
38 19
16 20
15 15
11 21
28 28
25 17
38 1
32 16
1 19
4 36
31 4
37 12
14 14
8 23
7 3
12 31
38 22
23 0
6 35
7 15
25 20
23 28
40 41
6 23
40 21
33 14
33 37
40 26
23 30
8 16
35 13
33 39
17 22
16 18
25 6
8 18
7 22
4 14
2 26
30 11
11 24
3 23
21 5
3 16
26 40
31 2
8 15
29 13
9 33
17 15
24 41
39 3
17 5
5 16
18 30
10 41
24 10
34 34
34 6
26 32
2 7
10 21
33 4
10 21
32 25
10 21
30 29
31 29
23 32
28 30
7 30
18 39
22 39
3 12
14 22
2 29
25 17
2 23
32 14
2 29
0 6
38 23
9 17
35 22
41 11
34 36
18 23
33 34
21 1
30 38
1 34
1 36
11 2
33 5
3 37
29 29
15 41
10 26
24 33
24 31
25 11
32 3
9 20
21 3
32 23
35 24
12 15
32 35
32 0
12 16
37 3
13 5
19 0
20 34
18 28
28 22
3 21
19 17
29 30
40 5
2 21
6 22
10 16
5 27
33 26
18 21
35 23
18 8
22 35
34 25
14 34
6 40
12 24
36 36
27 39
27 14
9 41
24 13
21 0
34 31
14 21
9 27
6 36
10 36
16 8
8 17
19 32
0 37
34 11
6 39
34 24
5 35
15 13
3 7
0 20
40 31
8 8
8 17
28 8
6 15
39 19
4 38
4 29
21 9
14 27
16 37
0 41
24 30
23 41
38 23
8 22
34 19
24 25
14 19
6 37
31 41
41 21
8 39
39 19
15 39
12 27
27 23
0 21
32 21
5 1
17 3
16 25
10 20
6 7
3 21
4 8
1 1
38 34
17 8
13 31
9 30
19 36
36 20
21 13
41 0
2 32
0 3
39 29
13 25
3 36
6 12
41 21
15 41
24 33
26 29
38 13
33 10
38 17
17 13
30 11
4 10
33 5
37 10
11 12
3 25
35 41
16 24
32 24
33 14
17 16
10 2
31 19
28 34
11 26
1 19
40 1
41 8
28 4
9 20
2 5
18 26
31 37
38 10
30 1
4 24
8 22
21 31
17 37
23 33
23 5
26 4
28 10
33 6
28 23
11 19
29 25
7 38
5 20
0 15
40 8
31 32
27 25
36 17
40 28
19 30
6 15
15 35
19 38
37 0
31 26
4 35
15 25
31 26
11 29
22 30
12 9
29 8
41 7
38 3
31 39
30 4
27 28
7 35
39 4
10 6
20 4
12 24
20 10
2 32
27 10
12 10
40 22
10 2
37 13
2 14
40 10
22 22
8 6
38 0
39 39
1 31
11 24
6 29
10 10
19 20
20 23
2 27
6 36
8 18
30 37
18 30
30 22
8 14
2 37
26 8
5 30
28 19
10 26
32 30
20 34
25 17
38 39
1 38
26 19
18 41
41 20
16 7
32 14
19 30
21 34
19 3
11 22
0 3
7 36
34 28
8 34
31 8
39 17
30 37
31 33
1 7
31 22
40 15
41 33
1 31
33 21
16 15
31 9
5 0
37 31
39 0
22 18
4 28
33 29
30 40
28 24
37 0
14 18
2 0
20 2
33 32
40 37
14 36
2 2
22 31
13 39
0 4
15 26
7 26
0 37
11 18
9 20
38 0
32 27
22 33
22 17
7 13
26 19
9 41
6 2
3 34
14 8
21 40
1 33
38 6
8 22
31 33
1 38
37 20
9 40
30 14
18 34
40 11
29 25
21 10
25 31
13 20
20 30
24 36
38 12
26 11
9 39
11 12
32 8
0 4
38 6
35 35
24 22
35 14
24 28
20 7
28 3
38 22
7 34
12 11
24 10
33 13
37 38
36 3
23 20
4 7
28 41
30 32
36 12
32 32
0 11
2 39
19 33
18 13
22 5
36 39
31 11
26 34
13 0
39 4
4 33
39 7
10 25
4 34
26 37
32 33
3 19
9 13
34 4
41 17
39 9
7 27
25 1
27 23
4 19
20 11
13 22
33 6
25 34
18 16
26 15
12 24
1 27
1 13
36 35
27 15
29 11
28 0
12 28
1 5
38 38
11 24
8 25
12 41
39 29
14 7
16 12
40 19
8 11
14 26
35 21
19 29
37 33
16 1
32 5
26 0
7 40
14 29
32 4
35 38
19 31
36 33
23 41
36 16
39 14
39 28
2 33
18 1
36 20
5 39
6 29
33 25
19 16
26 39
23 16
36 25
16 39
20 40
39 7
19 14
35 18
36 16
18 25
41 7
4 3
19 7
35 40
14 34
33 33
13 26
33 19
32 23
28 25
1 14
17 28
17 27
31 4
30 35
24 8
8 27
33 16
37 37
35 27
20 6
34 7
25 0
17 31
13 29
25 18
36 23
11 19
31 34
3 24
7 40
16 1
17 31
40 12
26 33
0 19
5 38
8 11
36 23
23 41
23 5
10 26
21 3
6 12
18 11
9 20
14 7
37 20
4 3
39 38
25 1
39 38
11 0
14 28
