40 20
34 30
34 23
8 38
17 30
15 37
8 18
27 15
37 23
15 34
22 27
1 20
35 28
41 28
26 41
15 5
16 30
0 24
15 8
23 18
37 8
36 11
36 35
24 12
23 19
38 14
37 10
19 29
7 38
30 14
4 16
38 5
5 13
0 4
9 13
27 29
19 35
33 12
31 18
33 32
2 22
15 20
4 6
21 30
7 11
7 22
33 23
32 15
41 16
39 18
6 22
1 39
38 10
31 20
6 2
3 24
0 41
27 16
26 41
26 11
22 3
5 19
1 40
26 34
31 12
38 41
7 2
3 4
7 30
38 16
12 10
36 10
14 9
34 1
10 36
40 18
16 13
39 24
18 4
36 5
34 32
3 40
7 39
3 22
39 9
20 9
11 28
31 8
35 20
25 19
18 40
19 14
20 36
24 27
29 41
28 32
36 8
40 11
39 40
40 18
12 24
13 10
1 17
27 29
19 9
28 34
4 4
18 14
8 16
36 33
31 41
33 13
20 16
1 39
16 1
29 5
9 34
7 6
10 12
8 4
41 19
8 3
18 40
24 30
18 14
22 16
20 10
2 21
10 7
36 34
29 22
3 9
13 14
18 40
25 26
33 23
26 7
10 21
9 34
37 34
18 4
16 24
40 15
6 22
25 1
8 12
23 1
4 31
38 14
8 5
39 27
12 39
19 38
32 5
0 0
2 26
38 0
38 22
24 20
15 23
20 22
37 32
16 37
8 5
10 36
29 20
11 13
17 32
7 25
26 31
25 9
1 36
38 36
19 3
10 7
7 2
20 26
14 37
19 16
41 39
32 4
34 29
24 13
10 29
2 21
9 19
6 14
41 19
40 24
29 10
25 19
26 8
11 29
36 15
11 4
39 41
20 35
38 17
34 27
26 6
37 20
27 8
9 17
13 2
1 34
11 7
34 34
13 2
0 2
27 2
19 3
10 30
14 2
7 38
0 32
9 27
10 17
7 38
25 41
27 9
22 36
13 4
24 40
2 21
34 8
28 4
3 26
13 15
22 26
38 30
1 7
1 8
39 27
32 6
26 18
16 15
10 6
28 5
21 5
4 21
28 13
31 4
31 18
38 29
23 13
21 7
26 27
14 40
11 38
16 6
16 29
39 21
6 23
31 0
12 17
30 39
27 0
27 5
0 0
32 29
19 7
39 0
16 29
38 3
27 16
0 26
35 17
34 29
32 29
21 2
25 28
4 15
15 29
3 11
32 9
36 4
31 36
16 36
10 21
12 35
30 30
7 8
30 25
26 6
39 19
11 35
6 5
39 18
8 32
26 41
26 15
8 1
41 23
32 41
33 2
34 2
29 31
36 11
3 13
15 8
9 35
27 15
16 15
4 16
17 10
2 38
4 31
14 30
23 29
23 0
26 9
13 33
29 34
9 22
29 18
37 16
24 15
22 3
16 15
36 21
6 24
9 8
36 0
27 26
25 32
38 25
28 35
5 33
28 19
33 11
0 8
0 15
23 11
2 9
15 6
40 0
11 29
8 31
3 30
5 8
9 17
11 27
30 9
41 13
32 7
36 24
39 29
10 23
18 21
21 39
27 17
36 17
25 31
33 8
5 15
22 40
17 8
0 39
33 31
8 22
32 1
6 15
29 2
10 8
29 39
15 18
41 18
33 37
23 41
1 18
36 17
41 7
11 9
41 23
5 32
26 3
3 26
11 14
30 3
18 36
3 41
32 7
15 1
40 30
13 23
23 41
38 0
22 29
35 39
14 0
14 39
37 17
17 30
32 22
25 29
25 8
24 30
20 41
1 17
31 24
20 40
25 38
26 10
28 5
10 1
25 14
22 34
23 2
41 23
34 1
38 0
29 37
13 20
9 9
13 19
16 22
38 8
24 1
40 18
32 38
16 20
16 32
2 23
33 6
3 16
30 36
20 28
36 12
40 9
9 8
14 11
17 27
8 25
18 35
13 5
38 5
23 22
1 22
23 8
7 21
37 19
37 15
40 39
0 41
6 24
32 26
4 41
27 39
40 41
31 38
30 28
1 6
35 2
5 32
21 29
38 23
7 38
31 16
5 3
21 29
28 32
28 18
27 8
27 27
3 29
21 22
17 0
16 13
12 17
21 36
5 24
7 1
31 9
35 25
7 14
36 0
18 18
31 11
4 34
2 35
39 10
12 0
29 11
38 12
8 1
38 4
11 22
15 10
33 15
30 23
0 15
15 39
23 32
1 9
29 3
11 18
2 13
34 29
34 9
19 39
32 41
4 40
6 26
7 21
0 33
9 21
9 28
17 22
7 5
37 4
40 35
14 22
34 33
6 4
22 24
36 0
8 7
10 1
19 39
17 3
37 0
5 33
1 2
15 24
11 28
24 26
36 8
41 28
2 39
18 9
6 6
32 16
29 20
36 38
12 14
29 22
15 1
23 32
20 39
17 2
36 38
12 24
18 6
37 19
1 6
19 16
40 36
15 41
39 29
30 23
31 30
11 26
37 40
15 4
33 38
23 19
29 34
32 24
32 20
2 7
9 20
32 17
35 25
13 13
8 16
32 20
19 3
23 37
29 0
10 5
0 10
31 37
34 40
20 29
30 22
15 39
30 38
3 12
35 34
9 40
32 36
14 9
18 20
19 30
20 32
7 34
1 25
2 4
6 5
28 13
24 12
27 30
22 14
7 27
7 12
13 16
26 11
36 12
38 25
16 1
27 1
24 7
28 25
9 0
12 20
26 35
21 22
16 6
1 16
17 41
16 28
15 13
28 20
14 3
9 31
15 32
26 9
39 10
7 9
10 16
21 4
32 28
7 35
33 39
16 12
5 1
20 6
18 37
29 18
29 23
14 11
40 0
37 17
3 20
3 33
27 32
9 3
40 4
22 5
35 13
18 15
35 11
1 22
4 19
20 8
21 24
28 26
24 40
36 3
17 6
8 31
4 27
9 22
30 21
2 21
14 29
7 37
25 7
11 38
25 40
34 38
1 41
12 40
15 23
12 34
15 38
28 13
30 26
12 8
26 18
35 12
5 31
1 41
36 23
9 3
8 13
18 25
41 33
10 32
25 32
28 17
28 13
0 37
21 30
15 21
25 10
35 20
9 14
27 36
28 15
11 38
23 7
19 13
25 35
10 11
0 22
20 30
38 22
5 35
0 14
19 7
1 13
26 2
18 22
2 22
13 33
38 1
5 37
28 4
5 11
30 19
37 19
10 23
28 34
37 25
20 24
17 19
6 20
31 33
37 11
20 1
17 22
27 20
29 6
12 24
29 11
10 22
31 21
26 19
19 12
20 18
29 40
19 23
37 36
38 11
38 29
2 33
27 37
34 40
23 16
25 1
15 27
4 27
18 8
33 3
31 11
17 37
3 22
40 30
13 37
33 33
27 0
5 35
0 37
17 1
41 24
25 36
8 28
3 16
33 19
30 33
8 16
8 26
13 5
26 7
25 28
30 16
20 3
34 34
0 13
24 36
26 39
16 17
31 4
21 22
14 23
20 6
36 10
37 3
3 5
20 11
2 15
34 5
11 25
6 22
0 3
15 38
10 14
39 17
40 26
30 25
7 11
36 20
17 35
25 8
27 37
21 30
20 2
19 15
2 6
36 21
41 33
28 0
30 16
0 15
23 25
0 23
13 32
26 6
6 29
40 18
12 0
6 40
16 24
1 4
10 41
18 19
3 40
4 4
14 15
24 25
24 17
22 39
13 12
13 9
31 31
41 13
30 40
36 18
14 28
28 15
33 4
27 40
20 28
32 35
16 0
14 1
33 8
8 14
27 24
0 0
7 33
41 39
0 38
33 31
19 9
19 3
2 34
21 28
0 34
1 7
16 11
11 21
23 25
24 4
18 6
38 41
28 41
1 23
22 24
34 5
30 18
15 19
39 5
31 28
0 6
12 35
11 6
27 33
18 34
19 29
36 14
36 32
35 12
2 31
34 2
24 24
35 25
14 27
5 18
29 23
40 9
17 23
6 19
32 25
39 33
4 13
17 13
0 30
30 2
31 8
36 17
12 21
35 31
27 17
10 30
38 4
27 3
4 33
34 34
17 16
7 17
13 32
7 22
6 23
34 16
3 18
21 11
5 4
12 32
34 18
38 10
2 7
36 23
36 2
0 23
38 40
14 1
38 31
16 34
25 35
25 19
20 28
6 36
35 23
2 29
33 34
41 18
3 27
11 17
38 18
2 31
8 31
7 25
16 1
21 18
14 33
41 3
16 31
30 2
40 26
4 24
13 4
23 8
8 37
8 2
40 18
13 8
31 41
38 3
19 31
11 1
23 1
37 33
17 20
25 21
28 2
15 9
4 35
28 27
28 13
30 13
9 20
27 15
34 9
35 41
35 16
28 29
5 16
10 37
2 32
2 13
41 19
27 0
10 21
4 33
5 31
23 21
13 22
14 36
17 18
20 9
8 14
19 5
40 25
12 28
28 25
27 40
5 20
38 39
19 25
5 22
11 15
22 17
36 22
36 30
36 19
5 15
20 20
24 31
33 24
0 9
9 32
41 6
1 22
21 2
9 1
5 23
1 23
17 33
19 37
28 5
4 33
0 21
1 6
24 13
25 13
37 32
10 19
3 22
26 26
41 4
6 27
27 40
27 41
20 33
31 26
7 0
20 4
37 22
29 20
25 33
11 34
3 24
10 29
38 26
25 34
5 32
12 40
4 23
18 33
16 20
28 39
36 32
3 35
41 24
29 28
29 37
29 26
23 9
33 20
28 12
9 9
8 17
21 23
8 25
40 28
17 12
18 29
28 27
23 40
31 4
28 18
28 7
33 4
15 35
32 31
2 0
32 12
16 24
7 26
1 30
1 18
10 2
15 19
28 7
34 11
5 40
20 38
16 34
30 17
10 26
5 23
28 23
7 21
32 2
38 4
23 25
31 32
9 0
38 23
32 30
1 30
14 17
25 4
6 29
14 35
0 26
29 3
27 26
40 30
21 8
16 11
10 14
6 6
8 10
14 1
38 15
11 29
38 10
35 6
31 37
28 23
10 13
1 14
2 40
14 26
32 25
40 3
12 18
35 16
13 27
9 38
41 27
38 41
2 41
31 38
19 11
6 20
14 34
14 35
35 21
29 27
18 11
40 6
0 20
9 40
32 31
11 8
25 12
5 36
34 19
7 15
1 21
0 39
12 16
9 20
24 33
37 25
13 6
38 1
18 24
24 3
1 7
3 15
32 8
2 30
20 39
22 39
4 41
34 5
15 19
7 9
18 34
28 12
40 26
10 30
23 21
38 9
25 1
26 15
30 41
9 1
28 23
27 38
20 16
1 32
1 25
32 14
21 20
10 5
37 2
6 28
6 27
22 32
10 4
30 25
11 1
10 4
35 15
29 36
5 25
24 35
27 16
38 5
25 3
27 1
28 34
5 23
9 5
7 34
38 0
22 5
41 19
27 3
39 39
20 30
18 23
25 18
13 14
12 23
30 20
2 14
5 10
40 1
29 16
1 36
16 40
20 41
26 6
41 8
21 41
27 32
15 29
17 34
8 38
7 22
8 18
38 11
11 7
5 40
1 10
11 15
40 24
21 0
25 14
23 4
19 15
8 25
18 28
14 2
24 6
19 33
20 21
32 26
12 4
5 18
2 26
36 9
13 32
13 3
14 28
14 12
1 30
21 24
31 2
4 20
9 2
34 8
31 40
3 23
14 10
35 28
33 21
8 21
4 28
22 4
30 16
40 14
5 6
29 6
36 28
40 5
22 37
12 39
25 41
12 23
8 10
2 40
15 2
39 40
16 9
23 34
10 15
3 8
10 23
4 40
9 1
7 38
38 2
15 40
32 22
24 28
22 25
3 15
10 39
31 2
15 16
12 33
16 20
35 37
0 23
29 36
1 13
18 14
30 38
41 41
30 15
27 33
7 11
11 9
38 20
26 22
37 29
2 2
7 34
40 22
1 18
39 38
40 33
35 41
33 14
6 36
32 35
17 16
24 7
17 26
31 13
35 26
6 11
23 7
19 5
8 22
8 26
31 0
22 20
22 0
40 19
9 34
8 17
19 21
25 31
11 27
11 1
7 27
18 29
20 26
23 37
23 7
8 31
26 4
9 23
24 9
40 24
25 6
33 38
18 24
25 2
38 40
18 3
25 23
28 2
35 18
15 0
35 19
31 7
20 14
5 14
34 0
1 1
23 5
25 14
37 9
31 25
37 39
25 21
24 41
40 19
41 9
21 28
2 10
27 26
10 23
39 27
6 38
35 6
28 35
28 14
17 39
19 1
24 31
33 2
3 32
32 5
0 5
32 8
19 33
25 4
8 15
39 40
5 10
1 7
19 4
33 34
10 0
7 16
22 2
23 7
41 24
20 27
28 15
27 27
41 5
35 13
6 33
19 30
10 13
9 32
5 14
19 32
35 36
37 30
29 13
3 19
14 7
22 24
40 27
10 38
19 26
28 40
38 32
3 19
41 32
23 26
7 35
27 32
9 34
36 6
30 41
3 8
13 12
39 3
0 3
10 29
24 36
40 9
36 6
41 22
21 37
22 13
1 5
12 34
40 13
36 2
3 31
40 20
0 24
33 21
18 19
5 18
26 23
31 28
4 6
21 9
15 4
40 26
3 33
15 9
13 37
39 40
9 39
35 25
18 37
18 29
36 31
13 21
5 28
28 38
37 39
33 38
6 40
8 25
21 11
22 6
38 34
22 3
2 33
26 1
40 17
23 16
4 29
25 28
10 39
22 0
18 1
6 20
34 33
2 16
4 39
7 19
26 7
5 18
15 26
25 21
7 40
0 1
38 35
29 4
33 17
39 5
35 35
41 13
22 1
34 21
32 0
4 2
35 21
32 41
1 30
5 19
31 8
4 0
33 34
32 5
29 17
2 11
14 27
7 18
3 3
28 40
30 20
20 7
22 22
8 37
17 22
7 6
36 23
20 17
20 35
35 13
36 30
24 30
38 32
29 13
40 9
31 16
4 40
26 34
29 0
23 4
8 14
11 28
23 28
3 13
34 23
38 14
35 9
5 25
11 8
32 33
10 2
13 18
8 26
8 40
40 6
25 13
40 4
34 20
21 4
8 36
8 28
1 15
9 35
31 40
37 39
36 13
3 28
14 36
23 16
13 8
39 19
3 14
32 9
24 6
3 31
18 24
23 36
39 40
16 27
14 25
25 40
15 9
18 23
31 13
33 36
23 8
41 7
25 30
39 12
14 26
38 29
27 25
16 16
36 33
39 11
39 26
14 28
35 35
38 40
2 21
11 26
38 4
10 3
2 28
40 4
40 10
40 6
25 14
37 3
11 33
37 26
12 0
9 6
14 0
2 29
7 32
18 28
38 37
39 4
13 16
0 33
23 3
16 13
5 15
39 41
7 16
21 6
30 17
8 9
19 41
19 6
10 14
38 32
10 33
13 37
20 13
39 23
25 29
26 2
3 39
20 14
16 16
26 15
24 14
20 14
21 29
7 41
37 25
21 34
9 27
18 9
13 1
3 21
17 26
24 34
13 12
7 3
6 39
21 36
28 39
10 3
3 13
15 25
36 8
26 34
37 2
1 1
17 27
15 9
22 6
32 13
29 6
37 36
0 21
5 11
5 25
37 15
4 29
31 34
4 31
12 28
25 38
9 12
20 18
34 1
14 7
35 7
32 35
32 34
27 26
1 39
34 6
25 4
0 39
7 37
18 27
40 39
27 14
24 40
21 41
40 8
0 10
1 4
31 19
17 30
7 6
30 9
1 8
41 6
33 0
13 39
27 14
18 1
36 41
34 35
35 33
5 13
21 5
40 7
1 34
13 12
10 33
40 19
25 40
35 21
5 11
23 23
33 12
37 32
30 1
30 25
18 35
14 20
18 9
15 14
25 34
9 34
40 26
22 2
3 13
30 38
38 37
7 21
17 3
10 40
25 41
34 16
25 36
2 26
24 0
31 29
0 21
39 8
24 11
41 29
8 18
12 4
31 41
21 30
26 38
41 10
17 32
37 13
23 15
24 41
39 35
6 25
7 21
12 29
32 26
6 4
35 33
10 35
25 6
15 3
8 15
35 0
4 30
22 12
17 21
21 9
40 7
24 3
40 9
31 2
34 27
2 7
34 28
36 34
41 0
39 39
17 37
6 33
30 25
8 12
29 27
12 33
31 18
12 11
16 19
12 26
4 34
37 11
17 5
13 12
40 38
8 15
7 11
12 19
40 2
27 16
11 19
23 8
36 3
25 32
23 35
7 30
12 32
3 31
15 20
27 23
38 2
28 2
30 35
2 17
15 9
8 8
31 21
29 15
23 18
39 21
10 2
8 20
40 3
12 17
20 28
2 30
22 24
11 7
26 0
8 15
1 3
38 40
16 37
21 1
27 16
29 19
20 27
27 6
17 28
30 21
28 36
3 0
39 16
39 41
7 22
10 22
35 41
32 19
40 17
24 36
24 3
5 14
40 5
15 1
22 29
32 26
37 17
38 29
21 34
7 32
13 35
6 13
1 32
21 26
30 14
15 26
26 32
24 18
3 31
3 1
16 19
17 30
27 19
35 37
4 7
21 18
36 41
10 25
9 20
38 33
34 23
8 17
3 29
23 33
39 13
11 0
1 26
18 12
19 15
13 3
26 26
24 33
12 1
18 38
34 41
35 10
37 11
23 14
23 6
20 17
1 15
2 9
1 21
36 18
10 38
3 29
17 37
6 34
23 39
15 41
22 21
0 33
12 40
3 3
0 7
30 15
25 35
4 29
24 35
2 29
29 27
32 23
28 37
36 31
35 17
1 26
36 8
15 18
35 24
26 23
32 19
25 1
10 30
2 41
13 32
34 36
10 38
15 34
29 0
8 39
23 27
3 13
7 41
7 30
13 40
16 23
15 19
28 36
30 4
25 15
12 40
32 38
35 39
12 23
32 4
4 32
1 38
2 39
12 33
33 38
21 37
15 37
16 0
34 21
37 26
32 9
12 11
10 21
30 17
4 3
15 7
28 32
30 15
7 34
33 20
25 25
1 15
25 35
18 25
33 39
12 15
39 1
32 5
15 16
41 36
36 18
8 24
26 17
20 16
33 25
19 38
12 39
33 5
2 26
25 5
34 41
27 6
30 20
8 33
2 7
33 22
25 35
14 7
2 10
4 35
18 4
1 3
7 8
14 26
38 29
20 22
15 5
26 5
32 22
37 36
36 40
40 32
16 9
41 1
30 14
23 29
17 30
20 29
23 8
30 11
35 12
36 12
20 10
20 36
8 27
1 28
19 29
40 28
26 2
5 2
25 17
1 4
6 37
9 7
32 9
4 39
20 18
31 9
6 4
3 19
9 31
10 7
34 18
29 14
37 5
7 24
13 9
38 28
9 39
41 15
34 1
15 18
30 20
37 31
38 39
29 20
5 28
32 11
35 25
31 34
22 14
20 18
28 2
36 32
27 11
9 21
33 12
36 11
30 17
5 8
15 18
6 29
9 0
32 14
21 22
34 10
13 38
6 32
5 40
9 12
37 4
32 10
21 10
9 2
1 27
13 1
13 17
14 35
29 36
41 18
27 25
17 35
14 35
32 22
5 34
35 23
12 18
33 32
1 29
29 8
40 33
15 4
14 11
34 31
33 19
15 28
33 2
10 12
7 36
28 26
41 35
27 28
13 31
37 5
38 3
16 29
33 2
6 30
28 13
21 4
41 2
38 39
17 0
28 1
15 38
11 9
22 38
25 22
14 36
28 7
34 30
39 41
30 8
35 37
24 5
40 20
1 31
26 1
24 21
11 21
8 1
22 39
25 22
36 29
26 22
24 37
11 20
11 36
38 3
12 25
26 28
30 25
23 10
29 17
33 12
4 39
13 2
22 15
22 28
1 37
11 9
13 19
29 19
1 4
2 40
6 24
31 29
26 31
8 4
30 16
29 29
25 15
16 20
5 3
18 22
12 32
41 21
7 14
0 10
28 3
15 40
30 32
16 7
34 25
34 22
10 37
8 32
19 37
31 37
17 32
10 6
35 22
30 34
40 27
6 36
5 32
1 8
25 4
13 38
32 36
25 34
2 1
23 34
22 38
25 38
37 14
10 24
20 16
20 21
25 20
17 0
24 1
25 3
27 17
37 23
2 31
41 34
12 26
19 14
40 2
32 41
4 2
13 33
23 27
35 34
5 39
21 6
20 36
33 28
39 16
41 13
7 31
17 18
33 15
3 8
28 8
24 35
28 12
38 12
24 10
39 11
34 30
20 40
36 30
13 28
11 22
24 41
19 1
15 16
35 19
22 34
5 17
40 20
31 35
26 5
40 15
18 23
26 19
18 10
13 33
16 41
7 5
16 29
1 24
23 9
16 3
18 24
15 1
41 27
13 12
2 5
0 13
1 39
11 8
19 15
0 5
16 14
22 17
30 33
17 40
7 14
7 11
1 8
30 39
11 15
28 3
20 33
22 2
11 32
38 31
9 12
33 13
9 23
3 0
31 6
36 11
38 34
21 37
21 25
1 25
24 8
26 11
41 18
31 36
15 31
1 5
40 25
22 4
31 0
36 19
33 20
30 11
29 37
32 9
21 29
17 21
25 15
23 17
5 27
3 38
32 27
16 3
19 15
28 13
33 13
32 12
17 1
20 7
14 30
28 35
22 35
6 40
18 18
11 15
15 16
13 5
15 36
40 9
37 6
30 21
22 17
25 26
9 15
25 12
36 25
32 14
37 18
0 5
4 33
18 5
26 18
6 39
9 31
22 27
36 29
14 1
7 18
27 26
11 37
38 26
19 18
6 30
25 33
31 11
11 17
14 21
1 36
18 1
32 20
25 30
12 12
33 11
12 26
29 25
30 29
11 6
22 15
10 9
26 35
17 27
2 9
24 13
40 39
40 27
28 35
2 7
0 41
14 30
30 27
6 10
32 34
28 23
27 28
8 37
9 13
9 4
23 14
40 12
25 38
26 38
12 5
25 26
8 38
36 28
32 15
19 6
10 12
41 17
17 2
25 2
31 25
17 30
5 17
39 5
29 18
38 13
34 0
34 5
5 23
15 36
11 34
39 17
41 12
3 36
26 34
39 22
8 25
5 0
4 23
24 9
6 33
26 23
14 36
27 38
16 8
41 0
24 4
31 25
34 40
7 7
24 18
12 12
6 28
14 13
11 15
37 34
21 32
16 4
17 10
16 22
36 33
40 26
38 1
1 30
24 8
17 26
2 21
22 0
3 20
2 31
22 41
30 2
32 6
35 22
31 32
20 14
23 36
12 39
20 18
22 28
6 37
8 34
0 0
40 17
24 2
13 6
13 11
34 19
21 31
1 33
36 4
33 23
22 9
25 29
23 22
11 2
28 32
32 22
26 26
14 16
40 41
28 41
39 12
16 25
24 18
20 23
36 29
16 5
38 22
2 22
14 10
27 26
9 23
6 25
28 17
20 13
27 21
28 39
27 20
38 34
24 36
7 25
38 17
33 9
40 7
31 34
27 8
15 5
15 36
40 35
31 17
33 15
1 2
25 35
16 10
36 37
26 19
25 11
40 16
13 30
36 5
21 32
30 2
4 21
8 31
4 7
24 28
21 24
26 2
23 30
18 19
25 32
26 20
28 40
26 13
25 5
8 9
38 31
34 3
2 34
39 14
32 39
28 2
40 34
24 31
20 35
35 13
0 40
41 13
3 3
13 14
22 12
31 36
20 36
11 18
31 3
15 20
18 31
7 23
39 26
36 25
11 20
24 28
38 17
38 36
39 35
23 8
18 1
35 39
36 6
4 30
40 17
13 35
30 29
35 41
11 34
16 11
9 26
31 16
3 24
40 1
15 2
15 28
5 11
9 13
23 19
10 31
11 19
23 10
6 26
9 1
22 38
39 9
41 25
7 24
5 30
36 22
18 40
31 40
22 28
0 38
19 0
3 11
35 9
33 25
41 13
22 14
37 31
9 21
16 15
1 41
9 17
38 14
28 38
0 0
39 5
38 10
11 9
2 2
40 17
10 41
21 24
22 1
5 24
3 27
5 13
16 39
33 39
20 15
32 2
21 16
3 30
8 25
24 22
30 39
24 0
1 21
31 2
9 24
41 20
20 3
20 13
30 11
7 8
26 7
8 20
25 5
36 1
34 15
40 7
5 3
37 20
38 10
3 3
26 18
33 35
0 22
25 30
36 30
7 37
3 17
8 15
16 38
22 31
20 30
34 32
38 37
20 6
24 7
10 36
2 41
35 11
4 11
17 11
12 9
38 23
41 36
41 27
12 28
11 10
15 39
21 6
4 3
32 2
13 41
16 39
15 14
16 21
26 9
22 30
26 25
3 33
40 1
21 24
11 16
17 25
2 40
26 7
40 3
28 24
10 14
37 4
21 24
18 14
8 15
17 3
5 34
15 21
23 19
28 22
35 40
2 24
34 9
4 15
26 36
22 27
33 41
24 6
39 15
2 22
31 0
27 1
31 14
6 16
8 13
20 14
34 8
4 4
12 14
11 15
19 10
12 26
9 27
31 15
39 25
7 35
21 16
36 21
23 23
31 3
13 36
1 5
37 25
14 21
0 4
8 8
8 8
1 25
38 37
25 20
9 6
11 2
34 3
5 41
20 35
28 14
23 0
18 41
30 33
5 37
26 32
41 30
34 21
32 25
1 9
23 7
22 0
36 17
1 10
10 25
7 6
30 19
0 35
1 3
32 32
37 17
7 1
8 7
7 13
24 39
2 3
14 27
33 40
36 3
41 32
20 0
15 23
19 5
16 22
40 25
7 32
32 36
3 18
34 17
28 39
33 34
14 28
19 29
9 37
28 32
16 2
4 27
34 5
25 33
5 12
21 41
10 23
11 22
37 28
34 41
24 28
39 32
37 30
4 32
1 1
41 10
39 10
2 14
2 3
2 41
8 1
37 9
41 2
36 5
23 1
1 9
26 14
1 11
23 5
26 0
38 4
2 36
30 35
30 20
24 20
22 36
18 31
8 3
2 23
8 3
40 28
0 12
15 12
24 22
33 41
16 19
6 15
21 15
28 22
35 17
1 10
9 2
20 6
13 0
4 17
39 32
41 20
2 27
38 35
36 28
5 32
18 30
33 41
17 17
23 29
31 27
27 36
23 9
25 27
22 9
22 11
11 28
35 24
17 38
38 10
1 5
29 15
28 19
28 7
18 6
27 12
37 11
27 41
22 11
10 1
0 37
37 18
24 32
38 12
34 13
38 36
32 40
4 27
25 10
23 35
22 36
8 13
18 14
20 36
3 2
18 35
20 41
22 28
12 34
40 14
41 15
30 28
15 7
22 25
39 17
38 18
7 7
5 2
4 21
18 38
19 16
10 28
9 2
18 24
0 27
0 26
41 35
10 26
6 25
30 6
9 23
4 25
5 41
28 37
26 39
27 41
41 23
12 31
4 9
22 7
31 34
23 26
30 24
39 29
31 13
26 19
29 4
7 26
33 33
1 31
34 17
21 38
5 30
29 31
10 8
0 31
15 18
38 19
0 8
16 35
37 29
17 34
23 40
13 13
10 28
22 22
38 8
8 17
29 30
15 10
10 31
8 21
21 31
9 10
24 21
35 29
20 31
3 27
0 2
24 17
11 39
30 18
31 25
33 23
40 0
17 10
20 25
7 12
29 30
0 24
38 9
29 34
9 14
6 39
22 19
27 7
17 28
20 9
33 41
27 0
1 39
15 9
35 8
10 8
22 24
13 11
20 36
15 37
15 35
40 9
24 40
33 21
29 40
0 40
8 27
32 35
38 14
11 21
9 17
10 19
25 28
13 31
9 27
31 8
3 16
16 23
41 15
5 39
10 12
29 37
41 3
21 24
11 19
0 40
36 36
23 37
38 6
8 4
16 24
17 27
2 37
0 39
2 16
32 4
41 8
24 6
41 21
24 38
38 36
8 38
21 14
10 3
25 5
8 13
12 35
30 8
4 28
24 15
39 13
36 26
20 1
41 12
18 2
10 14
15 4
19 24
38 13
32 24
10 41
13 27
14 7
41 41
0 32
6 23
27 0
37 14
1 33
1 21
27 13
9 28
6 21
23 26
8 0
11 4
12 37
22 10
0 23
12 41
37 31
9 15
36 8
6 10
7 17
17 16
28 32
30 1
6 4
6 28
33 10
12 36
6 41
18 17
25 11
34 29
24 38
9 24
30 41
39 10
9 24
1 24
30 9
4 23
37 22
22 21
37 23
33 35
20 38
1 27
13 32
16 13
32 39
24 5
26 29
23 11
22 32
4 2
10 25
16 5
30 35
11 21
20 24
39 38
11 16
37 6
5 3
20 1
22 30
37 37
36 10
24 38
10 16
36 0
12 36
19 15
23 25
5 1
5 4
35 7
18 27
13 25
7 2
12 32
23 19
28 29
11 20
22 37
28 27
13 2
12 38
22 3
39 17
25 24
33 4
29 3
31 6
6 30
11 5
5 14
1 23
26 2
23 34
24 35
2 40
36 20
1 26
4 7
28 0
14 20
25 30
16 28
10 13
13 2
0 3
20 14
21 6
25 40
17 11
26 7
28 6
28 12
35 7
31 10
3 23
9 39
3 36
19 1
14 13
36 38
31 32
0 11
14 28
32 29
37 6
13 1
31 3
32 10
28 37
22 4
14 25
31 20
26 29
6 3
4 34
39 9
21 30
9 32
35 33
39 26
29 32
21 37
10 30
36 4
12 35
7 4
32 11
23 23
31 35
19 9
6 11
6 2
36 28
36 11
32 15
27 16
11 33
18 30
2 19
11 18
27 5
40 11
16 14
6 8
29 35
8 7
35 31
31 5
18 40
11 6
18 5
18 18
21 15
28 28
34 12
35 19
3 41
19 39
16 30
2 14
6 8
39 19
26 10
11 23
3 6
15 12
15 24
16 6
26 2
15 35
38 25
36 39
5 20
20 26
37 3
39 27
40 38
6 21
37 11
33 35
13 40
7 0
31 38
5 6
35 11
14 24
11 14
32 9
32 20
9 14
7 25
23 26
3 33
29 27
11 23
20 27
18 10
40 34
5 10
33 33
6 20
27 34
6 7
7 32
34 11
15 28
41 33
35 23
34 32
5 20
14 14
19 17
18 33
34 30
40 0
3 21
10 35
27 27
14 30
33 12
14 5
18 29
1 36
14 25
2 36
36 9
28 28
20 5
7 22
40 3
26 12
27 28
17 9
37 7
9 6
32 26
39 22
7 30
25 33
32 39
18 33
37 8
0 14
15 5
14 15
14 24
4 35
26 2
8 21
3 34
20 23
40 0
17 36
39 15
26 25
40 11
0 12
39 0
10 19
12 23
11 23
4 14
21 40
20 38
10 2
29 0
5 12
3 12
41 25
32 25
14 11
41 2
38 16
40 41
1 9
14 15
3 14
17 11
9 32
39 15
37 15
13 37
8 25
32 14
24 18
14 4
37 23
31 17
41 12
21 13
19 33
34 19
5 18
19 21
25 2
15 31
9 35
33 37
19 38
30 25
0 23
12 24
28 2
22 4
10 26
20 19
14 22
13 39
27 11
20 26
27 5
38 33
23 24
22 9
36 0
0 14
0 23
15 2
2 3
0 10
25 10
9 6
23 2
36 0
3 7
1 41
18 8
2 4
25 36
14 30
8 40
30 15
16 1
14 20
3 25
12 3
24 30
22 37
28 24
8 13
35 39
34 13
38 33
19 9
38 29
34 9
17 25
23 1
26 10
29 35
10 16
14 28
39 23
41 39
4 39
29 26
27 31
6 32
37 6
28 9
6 2
37 20
25 11
37 17
28 14
6 6
29 1
10 41
39 38
34 36
19 26
17 16
30 11
3 19
35 24
1 31
1 1
12 7
35 30
32 8
41 34
33 28
5 40
26 7
18 41
6 24
22 26
19 12
28 12
9 20
2 4
21 26
20 8
3 29
16 17
3 15
30 20
39 25
40 8
26 32
5 23
9 17
4 11
17 11
12 18
7 23
13 21
5 16
39 26
16 24
24 3
20 19
9 25
16 21
25 28
35 18
18 41
39 1
17 11
18 4
36 14
30 23
14 3
41 25
18 40
15 26
35 5
18 11
40 23
5 35
27 34
11 6
4 28
5 34
29 17
22 14
29 13
11 38
0 12
25 23
13 4
36 4
4 7
31 33
6 31
19 7
10 36
17 10
19 18
23 24
1 36
3 20
39 15
6 31
32 29
12 27
2 6
4 1
24 35
34 18
15 13
13 22
30 26
10 32
37 27
3 36
10 10
33 4
5 14
9 9
17 23
26 12
12 8
14 24
39 38
31 31
6 5
30 31
27 14
26 21
11 2
25 33
32 26
18 39
23 33
26 7
2 15
2 17
23 10
30 32
31 25
9 8
29 34
20 14
6 17
41 33
28 26
5 5
29 10
17 16
13 17
38 19
6 6
25 3
38 8
7 30
11 22
29 34
41 40
13 29
34 5
30 38
22 14
22 38
38 30
6 13
7 34
13 28
21 10
15 33
34 39
4 20
37 8
27 11
11 36
21 8
5 37
38 10
15 0
7 20
4 0
21 15
28 19
12 2
23 17
33 15
26 35
25 22
14 31
21 39
25 22
3 33
22 41
17 28
28 29
21 4
38 2
17 1
7 2
7 23
32 7
11 2
13 10
33 4
26 22
11 0
13 35
16 1
21 3
40 4
6 10
1 31
7 10
28 7
34 37
37 33
38 13
7 1
4 12
40 22
30 39
37 7
19 22
30 23
11 15
21 5
4 2
33 1
3 0
0 19
6 35
30 14
14 12
37 16
27 17
23 17
37 6
3 21
21 34
15 36
12 31
15 10
34 39
40 31
32 6
21 15
4 18
35 4
31 3
23 26
35 17
20 17
4 30
31 33
27 31
10 4
23 14
14 25
6 21
16 9
11 12
5 16
1 2
6 2
26 19
35 36
37 40
8 12
13 30
6 1
6 24
3 20
34 28
5 24
11 38
41 14
0 33
6 11
22 17
19 6
14 28
29 12
24 41
15 6
29 20
9 12
6 19
34 28
21 5
0 6
39 7
24 34
37 26
19 13
34 22
8 34
12 17
27 8
10 10
6 33
9 13
18 25
41 41
36 23
2 0
29 14
26 1
31 7
32 26
26 33
41 21
3 13
32 25
38 28
18 34
37 6
23 30
29 8
9 6
18 22
18 28
9 41
28 32
9 29
15 27
8 28
12 28
21 39
38 4
36 5
33 20
22 23
32 8
3 30
9 3
6 12
7 18
22 41
16 2
24 29
4 36
26 22
1 11
16 6
38 37
14 5
27 26
33 23
0 41
35 16
16 0
7 40
17 30
33 26
19 16
7 9
1 8
33 34
12 5
13 24
12 23
24 41
33 27
37 1
29 3
35 31
32 26
38 5
4 37
9 14
0 29
34 17
0 13
6 6
37 30
15 23
31 13
12 21
16 40
19 14
23 7
22 21
21 32
9 3
10 13
37 6
37 8
11 33
32 9
26 16
23 16
36 20
26 38
19 41
41 10
6 23
3 38
30 10
5 11
32 22
9 24
23 34
34 27
19 6
8 40
27 40
9 10
26 26
3 22
36 11
9 29
35 22
23 31
21 18
2 3
1 29
3 31
29 12
1 17
40 1
38 25
3 29
17 9
12 20
32 29
5 30
31 23
24 26
23 24
25 3
38 27
27 14
15 24
4 40
14 26
13 41
33 38
6 17
24 7
12 6
13 13
40 25
9 30
18 39
2 6
1 26
28 1
8 20
16 36
2 41
9 19
21 18
11 0
37 15
1 31
5 2
12 31
40 27
19 5
31 30
11 2
28 33
15 12
2 8
5 31
41 12
22 8
25 10
29 13
17 29
25 27
3 17
20 13
29 34
0 4
8 25
11 8
20 18
37 37
41 2
1 4
18 31
16 34
37 19
28 19
7 23
37 22
21 8
24 28
1 3
7 31
16 4
31 23
28 35
38 24
24 6
15 12
22 14
11 10
12 5
0 5
5 28
21 16
41 21
37 11
6 14
22 34
22 21
33 19
23 24
28 35
7 20
2 12
23 11
5 25
12 7
23 4
11 38
37 15
0 17
13 15
31 18
19 6
7 5
33 8
25 24
8 9
1 2
27 3
23 11
16 5
3 26
3 31
18 39
29 22
27 38
16 10
15 33
22 23
28 16
4 10
3 38
37 1
26 20
26 18
36 30
30 8
39 17
32 19
16 18
28 29
22 35
38 15
4 9
26 29
32 2
21 3
14 31
21 32
37 1
25 15
40 4
19 30
7 9
7 0
0 40
25 38
41 2
4 3
2 32
0 0
20 5
40 14
4 25
31 17
30 1
12 35
31 1
29 5
14 21
38 12
7 7
1 32
26 27
38 3
11 24
14 9
29 40
10 31
34 39
29 24
9 2
9 39
13 29
2 21
7 6
31 12
41 23
24 5
1 26
4 40
31 5
29 8
38 27
29 15
28 39
11 28
22 37
29 37
29 8
7 34
8 24
32 23
28 15
9 20
22 5
31 19
20 40
26 40
36 31
39 4
30 32
13 19
30 18
14 38
18 38
27 35
29 30
11 1
41 9
16 0
17 26
9 34
16 24
19 0
3 21
19 34
39 16
14 21
27 3
11 11
39 16
30 11
33 31
16 28
4 23
33 40
33 18
36 29
6 29
16 26
9 29
17 22
41 10
11 38
20 32
6 15
9 13
40 22
19 38
24 25
37 6
28 17
0 27
27 6
32 13
12 28
37 12
6 23
9 13
11 32
1 22
11 32
12 4
16 13
4 25
4 26
22 35
12 2
13 20
40 7
32 37
14 2
1 21
21 36
35 39
30 1
17 13
33 21
7 19
25 34
18 1
33 5
31 14
37 20
9 19
36 38
17 19
1 20
9 41
9 35
26 22
27 34
12 14
36 18
3 12
14 33
24 9
38 33
35 4
17 24
22 11
39 21
16 6
0 16
18 5
41 22
33 26
19 3
22 31
7 2
19 8
35 31
9 0
17 17
5 36
5 1
20 8
30 18
41 1
18 37
34 12
4 20
8 6
22 6
39 27
0 20
15 28
16 40
37 15
16 19
11 32
3 24
4 41
41 10
26 5
37 39
30 19
31 0
19 4
38 14
5 22
3 3
26 13
36 14
39 38
27 39
28 36
3 41
29 12
26 1
32 6
13 27
36 2
2 9
38 13
32 20
21 41
39 17
35 0
20 18
18 13
6 19
24 18
40 0
16 0
28 28
2 20
6 12
24 14
1 6
21 29
7 21
26 29
9 30
24 28
14 30
1 41
33 16
21 24
41 20
20 3
16 12
39 18
1 37
29 31
8 1
23 24
32 26
13 23
41 24
26 32
18 22
8 27
8 31
15 17
37 35
31 29
3 22
25 18
23 23
34 1
40 22
15 16
13 26
25 33
38 1
20 7
36 12
30 17
30 16
11 38
3 38
39 40
1 24
31 15
1 2
1 14
18 14
20 27
36 24
23 22
13 21
16 7
1 32
32 32
27 5
9 26
23 41
6 7
37 21
30 17
31 1
40 19
32 12
21 14
40 41
23 18
36 29
21 14
24 22
37 40
32 24
29 26
7 8
3 35
29 19
18 24
14 11
13 41
37 2
38 12
15 6
5 30
9 13
39 31
27 30
7 9
23 40
3 16
0 33
30 20
29 18
13 6
17 7
19 21
27 8
26 31
6 5
29 19
15 35
23 33
16 13
7 26
39 1
9 13
38 24
28 18
0 39
23 9
12 16
35 39
25 28
24 4
9 35
17 23
5 16
34 30
18 13
37 20
6 25
1 14
4 0
32 0
11 18
14 13
20 5
17 6
7 8
31 40
17 17
13 31
8 6
1 34
40 23
36 3
11 19
22 9
23 19
19 13
29 28
6 1
16 40
16 1
41 27
0 36
22 14
34 33
35 29
9 2
25 20
40 14
40 24
16 23
23 21
35 9
10 16
32 38
38 32
38 14
0 7
30 40
11 29
4 7
1 10
5 23
40 9
8 34
34 38
14 38
0 38
5 15
21 2
15 20
38 34
3 9
19 0
17 36
37 28
11 22
0 32
13 25
9 22
13 29
23 9
6 2
14 16
24 8
17 9
34 31
17 6
12 27
32 24
6 8
38 3
27 25
39 19
1 4
34 8
6 14
25 31
19 2
5 1
20 16
22 16
38 19
11 37
8 1
41 26
25 8
0 31
1 19
38 22
29 32
18 1
15 23
29 26
0 16
0 26
27 7
31 36
22 10
41 37
10 10
8 9
9 6
2 3
22 31
15 9
28 20
36 38
2 35
28 34
1 20
8 22
31 38
39 32
16 0
16 39
37 30
0 12
17 40
40 26
7 6
2 3
7 19
40 12
0 9
12 40
6 36
41 26
12 10
2 10
41 36
12 28
13 35
34 39
4 26
1 39
36 34
0 32
31 16
33 26
13 21
22 8
35 22
32 0
32 3
36 3
2 17
6 33
12 33
29 26
1 41
0 37
6 17
32 18
30 29
41 0
24 10
23 16
24 10
41 14
37 4
35 41
31 17
12 28
18 6
8 12
21 5
13 0
34 32
0 17
22 0
26 20
33 11
13 36
23 23
1 9
13 1
33 12
33 19
6 19
0 8
11 1
39 28
41 37
8 41
0 35
8 25
30 8
12 16
20 39
23 31
30 28
37 35
33 34
40 33
18 1
32 28
15 4
14 5
36 37
8 8
30 2
21 13
18 36
27 28
24 22
11 2
2 21
28 18
36 27
2 29
14 25
25 16
35 2
16 41
8 1
6 41
28 32
36 3
6 26
25 12
14 4
39 38
13 26
12 23
16 21
41 5
26 9
40 40
5 15
41 14
25 22
23 35
8 26
17 37
4 20
4 0
35 16
5 36
4 21
38 11
36 23
19 18
39 2
15 12
8 1
26 20
18 33
12 0
31 19
28 22
38 19
9 27
34 30
41 4
24 17
31 15
10 32
27 29
4 3
8 33
15 41
1 8
35 8
14 24
12 0
19 0
10 14
32 41
41 17
3 36
5 36
0 1
11 20
37 38
23 15
9 6
27 16
5 27
10 39
3 28
18 9
12 32
32 4
25 23
35 19
21 3
2 38
24 8
4 16
7 20
16 32
28 12
29 29
18 8
9 34
3 9
5 24
30 32
32 23
12 13
35 27
18 31
24 17
35 25
31 13
14 39
37 40
4 2
12 32
37 31
16 0
37 24
38 2
23 16
32 31
9 40
34 10
23 4
28 25
26 25
39 41
2 31
38 38
20 9
11 40
39 1
11 28
39 14
35 26
31 27
40 21
15 18
34 27
29 38
3 25
11 40
20 13
4 39
26 15
24 6
35 21
33 33
8 41
29 41
17 2
6 0
8 8
4 28
32 6
27 28
18 17
4 38
35 30
2 19
28 26
7 41
27 25
5 33
5 20
29 34
18 31
30 17
9 40
2 16
38 20
25 32
5 28
25 34
3 25
7 37
10 31
27 22
39 6
19 29
37 21
19 6
19 26
11 41
16 34
8 32
17 13
12 32
25 25
17 0
3 25
5 35
13 37
18 40
9 31
27 36
32 12
30 3
7 13
33 5
38 1
35 37
35 3
35 8
21 10
37 32
3 16
7 11
30 5
40 30
6 30
40 39
30 2
16 36
22 8
10 4
16 36
19 24
17 32
37 4
34 17
6 39
22 24
32 28
28 17
1 28
11 32
35 4
30 13
6 10
22 13
30 37
41 39
33 38
38 15
8 17
0 18
7 35
37 37
4 24
38 39
7 41
36 28
2 5
18 31
38 40
0 6
14 0
32 36
10 9
32 40
21 13
24 27
38 23
5 27
40 5
6 3
5 33
20 1
35 8
31 3
29 9
31 21
11 29
19 0
32 2
17 36
3 17
39 37
36 18
3 13
31 22
22 16
27 40
4 12
27 21
18 30
8 35
28 28
5 18
34 38
36 7
5 37
12 8
13 24
16 36
32 33
3 27
41 16
11 8
12 40
28 13
37 21
32 3
41 35
6 4
19 1
37 8
7 26
21 9
33 31
28 12
26 33
5 39
15 7
3 41
38 8
15 18
29 21
6 6
14 6
5 26
0 22
15 30
10 21
18 27
27 33
11 13
9 24
29 4
25 18
8 38
4 2
40 12
24 35
29 23
34 28
26 10
27 12
14 18
25 10
13 25
14 25
32 29
4 28
27 14
11 17
36 4
12 6
34 18
13 24
3 9
41 22
16 37
17 5
39 22
11 3
9 40
24 15
16 35
31 32
2 20
22 22
32 33
11 3
16 24
16 26
6 26
12 6
23 33
7 29
1 38
32 31
32 8
40 0
37 21
6 39
26 34
34 13
10 33
35 5
38 27
1 36
39 1
41 28
25 17
9 39
37 9
34 28
40 23
26 16
14 4
33 9
41 34
4 40
7 29
13 13
40 21
41 17
27 25
14 37
22 13
23 16
11 23
33 21
41 23
22 2
19 35
40 30
5 30
0 23
8 14
36 8
2 36
2 19
10 36
29 27
7 1
32 39
8 30
21 16
0 34
40 25
34 6
24 26
10 40
13 18
36 14
35 34
31 2
27 39
13 41
22 30
