30 22
20 17
23 0
34 35
11 29
19 22
2 26
29 30
9 8
22 25
3 23
29 27
16 37
33 4
33 27
35 18
20 33
9 9
34 12
39 37
36 4
9 23
1 29
14 40
8 20
14 24
4 1
7 30
28 38
6 6
3 40
38 29
1 5
32 39
15 21
30 14
36 22
40 30
0 11
31 28
5 39
24 35
18 13
11 17
7 15
15 11
9 10
27 10
23 30
18 29
31 33
28 26
3 38
35 16
23 0
35 9
15 29
19 10
7 32
41 25
31 7
34 3
18 14
14 29
32 41
13 17
29 26
15 2
5 35
9 12
40 27
32 37
20 31
17 23
27 33
24 3
9 13
40 9
1 18
0 34
14 3
25 27
18 6
9 37
30 31
19 16
4 28
34 9
7 26
4 11
19 40
23 28
33 8
25 18
10 35
18 1
14 24
30 2
25 19
19 17
41 23
30 30
7 19
1 28
25 30
1 17
0 1
27 8
37 26
6 18
10 29
4 7
41 22
35 41
39 21
32 6
3 12
29 14
7 21
3 15
32 22
21 8
8 6
37 17
15 14
4 22
41 41
18 30
4 32
3 24
12 27
9 31
25 0
38 36
41 16
37 3
18 0
20 15
28 16
20 14
7 33
4 6
14 30
24 2
32 37
22 29
8 11
7 6
37 0
13 39
7 4
39 19
34 7
35 10
7 41
1 5
28 39
33 35
25 22
9 5
18 25
20 41
24 36
10 24
28 30
19 3
8 37
21 5
20 4
32 29
16 12
18 21
14 7
4 30
13 20
1 7
17 4
0 4
41 19
29 16
4 31
15 25
20 28
35 5
30 28
19 35
38 8
10 41
5 21
13 6
0 10
11 34
8 7
38 25
21 35
32 8
6 21
26 6
2 29
22 4
1 11
23 34
23 36
9 29
35 17
8 41
29 28
32 6
18 15
2 12
41 33
19 34
10 13
18 29
19 26
7 39
29 20
23 1
34 11
21 40
26 6
32 24
36 15
23 21
18 29
11 39
12 28
20 8
40 11
14 29
23 37
13 26
37 15
33 17
17 11
33 16
33 27
25 24
17 17
2 19
7 12
10 24
16 30
29 16
10 2
27 32
22 40
21 10
35 13
0 38
4 13
33 8
25 26
23 11
24 38
7 41
31 27
14 5
26 13
40 20
8 2
39 30
35 5
0 41
7 34
14 29
0 11
39 21
36 37
40 7
1 41
0 17
8 38
19 8
23 0
3 33
34 41
5 2
5 39
26 35
23 5
32 5
8 7
10 35
10 40
19 23
26 4
31 22
28 20
34 2
40 30
23 13
14 36
5 39
30 31
30 40
38 4
15 24
15 36
41 21
31 2
14 29
39 31
32 13
10 29
1 16
22 17
12 27
41 5
6 22
20 18
13 21
29 35
15 41
16 19
26 20
16 26
7 30
24 19
33 11
27 28
3 13
32 39
21 3
23 26
35 28
19 33
29 31
7 22
23 36
35 16
41 14
33 24
25 4
20 10
23 12
25 20
22 12
25 36
13 25
7 38
36 36
21 24
1 24
33 37
11 14
16 27
5 10
35 27
24 18
13 33
29 28
35 34
13 17
26 24
0 13
23 28
24 23
1 20
1 14
18 0
21 32
26 19
18 19
33 17
0 6
0 31
13 1
17 34
30 5
21 6
34 40
28 1
41 35
40 15
21 13
2 18
37 21
10 38
35 16
6 32
0 27
2 20
7 33
28 9
37 2
12 8
14 17
26 13
12 38
26 36
4 20
2 33
31 22
7 41
0 32
17 8
24 17
39 37
7 24
35 30
6 34
34 35
13 26
33 31
15 14
31 0
10 37
40 36
15 38
0 24
40 21
2 4
0 25
1 6
27 34
33 9
20 23
19 28
8 32
33 38
11 6
11 2
2 10
41 15
41 8
36 34
6 4
31 19
40 22
13 21
16 40
36 30
7 13
29 25
18 29
25 15
5 34
9 3
20 17
4 27
28 9
3 30
17 8
33 6
0 17
7 12
9 22
32 10
24 22
21 10
39 38
4 40
20 5
25 15
2 17
26 16
37 27
12 22
16 3
6 27
17 33
13 0
1 2
22 2
39 33
21 6
41 28
40 28
5 24
6 3
11 12
19 8
17 23
2 31
17 19
0 40
19 10
31 22
11 40
28 34
19 38
12 18
21 26
18 3
21 26
36 6
3 33
21 26
21 13
13 17
19 14
36 1
28 19
25 37
7 6
26 3
36 30
39 23
4 24
21 6
23 23
0 16
27 4
17 5
23 19
38 40
14 22
11 41
23 6
9 3
10 20
37 15
8 7
22 32
17 25
25 24
21 16
4 14
39 41
2 7
6 15
20 25
37 1
6 31
1 21
16 21
9 4
38 17
6 17
0 39
40 40
20 26
19 13
3 18
11 33
33 39
0 31
18 35
25 0
40 33
1 12
9 15
24 14
34 14
7 41
33 36
7 3
17 40
5 10
22 32
19 11
16 25
3 0
31 28
18 7
37 32
7 35
2 14
20 4
3 13
29 1
27 30
21 38
17 22
7 34
33 12
2 16
7 27
17 21
26 25
24 1
40 5
1 18
11 31
10 25
29 29
40 35
7 30
27 29
39 17
28 34
32 7
13 5
41 5
13 2
39 13
40 15
4 30
15 17
21 28
27 2
28 22
33 33
40 15
12 33
25 20
11 16
14 30
6 13
39 35
32 16
17 9
3 41
8 16
24 13
22 29
28 20
37 11
8 37
6 5
41 7
27 32
29 26
5 6
5 37
39 40
12 35
14 18
8 36
12 22
28 37
40 14
40 20
40 24
8 35
15 19
15 22
4 27
39 32
31 15
30 23
13 4
3 25
17 6
21 14
12 21
37 1
34 0
15 5
32 37
39 4
0 21
1 5
37 35
10 1
26 16
27 40
10 10
20 6
35 2
5 21
19 40
4 3
34 21
35 35
7 27
3 10
41 12
28 37
17 24
41 0
17 2
2 13
12 5
14 35
13 9
27 27
26 16
8 13
13 8
32 18
1 15
32 32
5 33
35 7
5 23
15 10
37 26
30 10
21 10
21 16
0 9
36 38
23 16
31 10
25 38
14 6
31 25
8 39
35 16
29 8
12 25
29 9
14 35
11 2
10 20
37 17
34 26
2 9
38 27
38 39
10 26
27 23
24 3
23 9
31 39
14 25
0 3
12 34
16 21
10 13
38 21
21 30
14 15
15 9
33 34
24 1
9 41
20 2
31 18
14 33
41 30
31 3
25 8
33 14
5 11
12 0
41 21
40 8
13 38
0 7
15 15
37 12
29 10
26 25
15 41
18 6
28 25
6 10
26 32
17 13
24 26
5 21
13 16
13 35
6 20
35 24
6 19
30 21
13 29
39 33
21 18
41 35
0 38
7 27
22 8
32 4
15 26
30 20
9 16
6 26
40 4
35 18
7 14
24 16
10 11
18 20
11 32
4 32
5 3
15 34
9 16
20 37
36 0
12 14
36 36
13 10
20 21
25 1
26 24
40 3
32 39
25 20
41 26
26 25
34 29
1 17
32 7
1 17
25 21
27 28
2 20
41 4
25 26
27 28
35 40
33 27
8 20
7 1
16 41
38 19
26 36
19 10
31 22
33 28
31 15
8 25
34 3
34 30
6 12
20 39
25 6
40 38
3 40
12 26
22 35
17 19
21 3
13 22
13 2
38 34
28 12
5 34
21 5
18 13
16 40
3 22
35 0
13 12
35 9
8 33
0 36
10 41
23 14
6 20
39 30
29 40
3 16
3 9
10 30
27 37
37 28
40 40
3 6
26 17
3 19
32 26
38 31
37 29
12 7
40 9
1 11
21 9
1 20
9 3
20 26
7 0
20 39
29 41
34 7
28 9
5 10
25 36
24 9
2 8
8 24
40 29
13 36
27 2
13 0
15 29
15 15
14 5
41 35
14 3
39 3
32 37
25 4
6 18
10 23
20 4
38 25
28 4
5 8
14 26
28 39
31 2
25 3
41 32
3 22
17 0
32 2
13 22
38 18
27 5
39 38
23 37
9 30
36 14
32 25
5 40
24 35
26 35
14 12
14 36
14 24
30 9
7 17
23 38
28 36
30 39
31 15
1 39
2 4
40 11
6 29
16 23
41 0
1 33
32 33
10 2
13 15
20 20
40 5
5 2
12 2
11 39
2 38
32 41
19 34
14 5
13 5
28 12
41 17
39 14
14 40
17 9
31 38
5 4
41 14
4 2
23 41
27 2
41 20
4 40
28 40
13 17
3 16
25 3
23 13
36 31
28 39
40 3
24 2
3 19
32 36
33 10
30 35
7 8
10 21
24 24
16 34
21 7
2 24
37 13
21 7
1 30
34 13
21 14
21 4
14 19
27 15
4 26
39 4
26 30
26 1
18 36
5 3
4 14
34 2
34 27
30 12
12 6
29 10
18 31
38 29
20 23
33 40
1 37
8 11
9 23
35 34
0 13
6 37
4 5
5 10
34 4
39 24
13 23
38 21
41 15
36 12
31 22
3 0
40 21
9 26
4 33
35 15
30 0
28 0
9 34
18 22
18 8
35 26
2 8
9 14
16 33
18 33
14 1
9 17
19 35
40 2
17 8
31 21
35 12
10 39
39 34
13 8
16 5
21 8
3 4
36 12
15 29
15 1
20 39
21 18
1 20
23 35
8 2
6 34
3 35
20 31
7 36
11 11
7 30
39 41
23 37
13 19
35 29
27 36
3 41
27 2
29 0
34 37
10 29
11 10
31 20
16 37
22 21
34 31
37 41
10 6
29 2
28 5
30 38
32 29
17 29
1 35
36 26
5 27
16 11
36 17
24 25
25 10
9 12
34 3
32 39
34 19
26 4
29 5
31 39
13 9
26 6
31 0
29 7
23 15
25 0
38 0
22 18
16 16
36 17
1 27
11 12
13 21
27 9
5 28
15 12
15 25
40 26
1 22
6 36
27 35
10 35
26 10
29 18
4 2
24 1
9 27
37 22
11 13
33 1
2 36
13 23
17 2
3 29
31 29
24 23
16 3
40 11
13 5
14 21
2 38
23 26
40 13
21 21
7 5
37 28
15 5
25 13
20 4
6 17
40 40
17 3
23 9
29 20
38 26
14 15
19 23
37 37
6 12
20 21
39 4
27 23
16 13
27 21
38 33
40 9
22 27
34 37
39 13
30 31
13 10
20 38
11 30
15 36
27 5
40 3
6 13
33 6
31 9
22 5
18 7
3 35
40 0
9 24
36 23
14 33
9 21
24 34
36 20
33 2
12 12
23 7
40 12
4 6
22 32
10 26
12 7
41 32
34 1
29 39
8 6
24 5
11 23
5 1
39 35
33 36
41 28
2 10
17 12
39 34
5 33
10 25
4 38
6 32
35 3
22 12
21 9
16 31
20 3
25 19
30 40
38 10
33 12
33 37
18 26
9 2
13 38
30 6
24 40
18 31
39 18
29 18
41 31
6 16
30 35
21 12
39 8
23 18
11 41
17 0
29 0
3 6
39 7
40 36
8 25
0 20
24 23
32 5
35 14
14 34
20 18
31 14
15 7
24 3
10 10
0 1
35 38
24 30
32 40
21 16
29 23
33 20
13 2
7 6
27 28
23 23
2 20
0 11
41 41
12 8
9 33
19 37
19 1
9 25
31 36
7 32
32 22
36 17
27 32
29 35
5 14
24 29
20 33
25 25
12 6
9 8
12 24
15 16
10 13
34 6
28 41
16 30
8 16
33 36
4 7
41 4
1 3
22 19
18 31
33 33
15 0
10 24
11 14
22 38
21 6
29 34
40 15
26 6
26 7
35 31
8 2
21 36
20 38
8 33
13 28
24 5
30 5
0 24
6 33
31 36
21 26
11 21
15 8
16 27
32 32
4 24
7 11
25 14
38 35
14 14
11 32
26 10
36 22
5 26
4 20
40 7
7 32
31 21
28 18
21 11
10 35
22 1
5 2
26 23
30 32
3 36
27 28
3 24
2 7
9 24
24 3
35 25
37 10
17 4
2 27
33 19
2 18
28 25
11 26
18 5
7 1
40 24
33 26
35 3
13 35
17 37
28 4
9 32
38 29
25 11
19 9
32 26
14 14
11 36
17 34
25 8
30 11
8 33
22 2
16 19
12 37
12 25
20 3
21 27
0 28
11 41
25 3
26 29
29 23
28 0
0 10
10 27
32 7
13 29
0 13
40 35
23 24
11 13
41 6
4 41
11 0
7 26
26 39
27 34
35 31
14 20
23 30
22 0
4 27
11 19
1 34
24 6
23 28
18 24
9 26
2 37
22 32
17 35
35 24
2 21
31 32
41 31
40 34
7 7
8 37
34 19
4 0
39 28
29 15
11 0
37 28
17 20
17 39
34 41
15 33
35 18
22 23
10 18
10 13
0 41
34 4
13 1
31 5
10 35
16 0
34 20
16 37
22 17
27 30
36 4
33 2
24 16
23 32
18 31
39 0
0 34
19 29
18 32
17 22
2 34
6 34
26 2
3 18
9 6
34 16
30 3
15 41
24 34
0 14
10 10
17 4
0 12
9 1
31 9
21 23
19 35
38 38
26 22
11 34
32 30
31 18
24 18
14 38
29 20
14 16
22 29
12 2
22 23
3 7
30 25
41 26
39 24
0 29
35 39
40 4
19 21
16 12
16 0
21 36
23 29
21 5
1 1
20 36
18 34
15 15
19 27
39 41
10 37
2 19
5 29
39 29
10 23
19 20
15 10
0 26
16 12
31 19
35 22
7 35
10 12
7 29
15 15
22 35
23 39
6 4
8 6
34 12
13 2
30 16
33 21
19 11
17 20
29 22
15 31
13 34
30 16
23 24
36 2
5 29
3 14
13 22
38 25
19 10
8 19
7 7
32 1
5 22
21 13
15 25
8 19
23 39
29 24
3 36
7 1
1 36
22 3
37 15
28 24
32 1
18 14
28 5
7 11
2 37
25 35
27 25
19 18
29 23
6 1
36 35
1 7
15 6
37 19
19 39
33 36
14 21
6 39
18 39
25 31
35 9
8 8
20 34
7 2
41 1
12 24
30 22
12 40
37 32
7 30
29 34
4 30
13 21
37 34
36 27
27 10
15 5
30 25
30 31
35 4
29 29
5 20
16 7
17 23
17 19
36 20
35 4
25 0
7 31
10 8
7 8
25 17
25 40
11 30
40 21
39 20
1 2
35 13
32 25
21 16
12 15
28 15
25 18
7 12
14 38
28 14
6 30
7 18
22 18
34 37
0 1
28 13
32 0
6 4
34 19
29 3
2 10
16 9
24 16
18 29
27 39
14 31
22 13
17 28
16 15
15 4
27 10
40 9
23 4
35 12
23 31
26 27
23 6
20 21
8 15
8 39
39 8
6 26
33 4
32 24
31 31
2 32
29 31
10 16
4 17
13 24
20 1
22 38
21 26
37 2
19 9
20 25
9 38
40 24
27 13
38 30
6 9
4 12
8 33
41 30
29 10
4 18
40 33
12 11
31 33
34 39
27 23
15 34
17 8
30 39
29 27
12 5
4 34
9 21
20 1
31 16
33 38
27 29
24 31
17 25
6 15
13 41
15 20
0 22
30 9
20 30
28 16
26 26
15 33
29 22
37 35
26 9
26 24
14 9
1 35
36 33
0 40
15 12
15 0
39 26
36 26
18 28
21 10
10 33
1 33
41 30
14 20
25 19
4 17
18 10
38 21
30 23
22 40
17 23
33 38
13 4
37 23
27 23
13 39
29 1
20 3
25 30
2 28
29 21
16 20
4 24
31 24
35 31
3 24
32 11
26 9
13 9
0 5
26 13
13 14
24 17
4 29
8 26
3 36
31 26
22 8
7 10
9 30
17 12
19 35
36 41
17 31
9 26
17 36
28 24
8 35
7 16
0 27
12 19
9 24
35 15
15 12
3 40
29 14
6 0
15 40
19 26
10 4
19 21
24 27
38 39
9 21
36 39
17 33
27 15
35 19
8 33
27 2
4 22
26 28
2 4
35 20
1 32
25 11
30 11
22 27
34 25
33 36
35 10
31 12
41 20
25 14
10 31
16 25
13 5
28 25
39 14
25 25
10 32
23 20
27 40
6 25
41 26
35 29
37 31
10 21
12 7
33 21
12 32
28 36
9 38
25 20
32 17
38 18
11 24
16 38
21 12
34 15
12 26
9 8
31 0
0 27
3 8
15 16
20 31
41 2
1 9
24 35
38 34
20 1
3 31
31 16
17 25
34 19
15 29
14 2
31 31
9 16
6 40
40 4
31 31
23 19
41 37
39 34
6 17
41 8
41 20
4 23
31 24
13 34
30 27
32 20
36 4
17 8
41 5
22 33
35 12
38 31
3 3
28 28
20 8
1 29
28 16
2 31
8 9
27 7
26 8
1 7
21 27
33 39
28 17
15 3
18 36
23 11
9 26
13 6
7 27
29 16
40 1
41 34
11 18
27 17
20 38
0 8
30 27
16 32
16 41
4 18
15 32
28 11
20 35
40 26
18 32
5 32
21 37
0 1
7 40
2 27
27 17
15 19
9 8
39 2
16 0
10 12
24 33
4 19
20 30
15 9
39 15
41 31
9 16
41 13
21 1
18 0
30 3
14 19
5 21
32 33
33 37
37 5
19 25
3 26
10 28
40 14
12 27
0 39
36 0
38 12
14 13
41 33
21 37
31 41
14 24
31 12
3 33
8 33
15 36
38 29
2 25
9 4
11 28
10 35
8 3
38 41
0 31
8 11
12 22
41 4
36 6
3 8
36 40
28 29
25 8
35 19
39 14
23 29
33 18
6 25
1 22
27 23
35 14
9 6
1 14
22 24
19 2
36 31
23 1
33 10
24 8
22 0
40 28
17 40
6 27
37 35
2 20
7 11
30 21
10 0
5 22
7 33
9 15
4 25
17 13
27 29
41 23
7 7
31 32
7 12
41 13
13 22
15 30
24 6
23 35
34 8
1 24
29 37
26 38
30 18
38 19
40 4
17 38
17 25
26 15
35 11
9 29
35 0
30 11
40 30
20 20
37 38
28 30
8 36
8 29
30 29
24 6
37 33
29 39
23 38
17 16
31 39
36 41
38 25
6 24
21 12
21 38
0 16
27 16
24 3
34 12
21 33
9 33
36 23
11 21
11 31
10 29
13 29
39 40
35 40
18 40
28 39
5 23
37 22
30 17
23 17
0 39
2 18
4 40
31 6
40 41
7 28
27 5
37 39
34 20
7 7
5 0
22 16
31 9
22 14
35 18
27 19
25 34
20 6
30 19
8 21
13 36
3 29
39 32
37 15
29 12
9 36
4 32
26 15
25 1
31 35
11 7
13 38
14 14
32 33
31 19
25 25
27 28
18 40
7 33
23 2
10 41
39 18
37 25
39 10
36 21
24 28
24 25
19 12
41 12
35 6
34 33
2 5
31 22
28 18
31 25
13 32
3 5
21 10
7 10
16 18
7 0
34 33
6 16
29 19
14 21
24 38
39 41
1 35
36 23
17 6
34 14
23 9
7 19
33 32
4 14
2 6
24 28
28 23
10 15
9 34
22 21
4 12
37 5
7 7
11 22
13 18
4 20
22 14
0 38
41 39
31 18
0 37
41 38
23 35
11 35
22 1
40 7
1 40
23 34
26 14
3 2
37 26
23 22
18 5
14 0
8 7
2 3
23 20
25 39
39 5
32 16
19 35
14 33
23 3
37 8
12 30
39 13
14 15
27 13
9 34
14 11
29 10
31 1
39 10
26 11
29 0
20 20
30 40
9 3
26 11
12 36
13 31
8 9
9 40
4 22
7 6
35 26
35 15
7 22
34 1
25 2
34 35
33 21
40 9
3 34
0 11
1 21
7 30
23 34
11 3
32 11
32 34
39 4
34 1
4 25
9 40
35 30
13 17
35 22
3 20
10 5
6 5
15 27
3 34
36 21
4 18
30 11
20 16
40 11
31 18
10 31
29 18
11 39
23 30
10 28
32 17
35 22
4 36
25 30
27 5
36 6
12 9
4 14
6 41
22 36
17 11
6 23
27 37
29 4
4 33
41 26
0 20
16 2
15 6
14 15
36 10
17 13
9 9
17 41
32 39
34 36
28 8
16 1
0 24
23 28
6 5
20 22
10 35
15 18
10 41
18 15
38 35
40 16
5 40
21 22
26 5
8 16
19 35
32 5
25 19
21 14
11 26
37 37
4 16
3 39
5 35
10 41
16 18
34 17
14 24
15 6
29 14
7 21
39 18
7 8
41 8
37 26
3 10
22 15
39 9
24 34
26 11
19 14
15 24
9 25
12 9
40 22
22 19
41 9
17 22
13 34
20 25
8 33
31 22
10 36
30 19
31 20
28 39
30 33
9 12
36 28
35 16
6 33
24 28
1 27
20 3
18 38
2 22
0 31
37 28
18 6
40 9
0 22
25 23
8 37
20 41
39 23
14 0
14 28
13 33
23 2
28 0
7 34
5 38
7 10
21 2
7 3
3 1
2 1
16 15
16 1
4 20
37 5
24 28
28 25
17 2
40 2
22 11
18 34
5 17
17 26
14 7
2 13
34 31
6 22
38 18
28 7
14 31
34 33
31 39
8 31
20 23
17 17
8 17
8 8
39 5
28 36
0 36
37 39
35 1
23 3
22 6
12 4
40 2
6 12
7 30
12 27
11 33
11 4
34 24
33 0
1 20
17 26
5 4
14 40
8 2
28 26
10 31
40 17
29 14
38 15
5 31
22 4
0 33
35 4
21 9
26 15
12 34
4 30
20 5
10 23
12 7
19 1
32 36
31 34
13 36
1 18
19 0
7 24
2 16
32 41
40 2
15 14
11 40
36 37
12 34
18 32
41 7
16 28
21 23
5 2
17 10
32 30
31 3
35 17
37 23
9 18
10 4
35 22
30 1
4 29
5 29
39 11
9 18
23 27
8 5
37 1
9 16
30 21
13 20
14 14
1 6
7 7
27 17
30 8
12 38
34 13
1 8
32 10
25 36
27 23
8 32
25 12
14 27
3 4
1 12
13 3
30 34
40 28
30 1
10 18
4 19
28 38
0 20
34 23
6 39
9 22
9 27
26 4
38 7
12 3
19 31
8 1
30 3
13 36
40 21
15 20
4 3
15 1
17 38
3 31
31 14
32 13
36 29
22 24
33 39
5 8
38 36
37 27
35 6
9 19
5 4
31 2
9 41
35 40
40 29
13 17
15 6
39 20
5 30
39 15
16 12
37 21
38 8
33 15
33 21
6 39
8 37
18 27
23 21
28 37
17 19
28 32
25 36
22 6
29 13
24 31
20 32
21 35
33 20
0 30
25 19
3 3
20 24
19 26
41 37
40 23
2 5
23 26
41 12
28 6
28 10
19 17
23 24
22 10
27 22
28 28
39 35
12 9
22 15
24 38
21 13
3 0
38 16
1 30
41 18
18 1
7 29
27 34
29 41
31 14
16 3
24 38
11 32
9 11
7 18
31 27
28 17
41 36
33 24
33 4
5 11
9 30
26 18
30 23
37 41
41 26
26 18
10 32
28 8
25 26
2 40
27 35
9 18
39 15
5 13
2 33
6 6
9 24
41 41
27 0
40 9
34 12
28 31
8 25
1 10
8 22
17 25
34 23
13 14
40 10
41 20
23 10
10 31
3 33
10 26
28 32
18 0
0 27
8 14
25 14
39 8
26 6
33 27
35 8
34 13
39 41
8 23
39 6
36 28
23 38
0 6
30 41
18 12
15 11
0 26
32 5
17 3
39 11
30 35
1 37
30 9
1 39
7 27
3 14
0 5
5 14
2 11
38 35
5 6
24 5
36 40
37 19
9 18
26 20
41 11
22 32
0 38
41 41
23 40
12 14
31 14
3 18
29 15
3 3
12 24
12 28
9 35
30 16
40 7
41 27
22 26
38 10
17 11
13 9
5 41
17 12
28 2
20 18
18 0
21 8
8 26
16 9
30 3
31 0
19 22
19 24
12 26
14 21
21 7
14 8
39 13
8 18
6 19
10 4
36 26
14 0
23 24
40 17
5 27
35 2
7 19
9 30
0 24
17 27
41 24
29 35
33 31
26 17
9 16
28 38
39 23
31 32
29 13
0 18
37 41
33 31
0 39
18 11
22 15
12 24
34 19
31 13
39 5
27 23
13 36
5 18
13 9
5 22
13 36
27 13
9 2
14 32
37 26
2 9
14 10
0 41
32 39
18 5
35 7
11 6
9 36
18 32
38 24
6 10
28 17
10 22
3 8
35 28
12 23
11 26
14 35
39 0
32 10
10 2
36 39
35 12
21 37
18 24
39 32
13 17
8 39
35 17
10 16
12 41
33 40
36 28
9 3
25 12
37 18
21 35
37 13
3 30
20 38
23 0
37 28
8 39
39 11
25 33
17 20
22 8
21 33
19 14
32 6
34 25
40 20
33 38
21 7
33 15
35 0
5 27
24 11
13 33
0 4
35 24
13 10
11 13
21 6
31 24
8 27
8 25
18 39
8 7
28 37
25 16
11 37
25 20
35 28
35 1
12 24
3 29
41 14
18 21
23 18
31 10
11 40
12 3
33 39
2 2
24 38
5 8
31 32
33 35
4 33
20 17
3 28
3 15
17 7
40 33
38 13
26 23
0 30
41 41
26 11
18 31
20 26
11 27
28 14
1 25
41 16
0 39
41 10
23 34
20 17
4 40
32 2
13 31
6 18
2 30
23 24
18 31
6 2
36 13
24 40
13 24
4 34
8 6
13 18
28 39
20 5
30 34
27 38
7 2
20 33
29 28
27 12
26 8
34 17
28 21
18 34
0 2
16 2
29 10
33 20
29 7
41 1
13 39
16 3
10 21
0 30
28 12
8 37
6 9
24 2
37 14
25 14
25 24
33 14
13 24
28 7
33 32
16 39
12 28
30 16
18 12
8 15
38 1
19 11
32 12
22 16
19 9
2 9
5 27
22 24
41 14
8 25
13 16
14 5
38 31
31 21
6 1
30 0
1 39
15 37
34 28
0 15
35 29
24 32
1 4
35 10
28 13
9 18
30 9
23 2
17 33
23 22
40 20
35 13
40 31
12 37
28 30
32 21
35 34
36 31
23 0
20 30
21 14
35 32
16 35
27 9
23 41
9 28
20 18
15 15
38 19
41 24
6 38
9 16
36 22
35 16
15 29
9 0
26 5
5 12
0 12
34 19
3 16
9 13
33 18
10 9
35 7
40 24
21 7
31 18
3 32
21 25
38 13
39 37
28 21
15 31
27 25
23 27
17 33
38 12
9 7
17 22
39 37
23 10
26 22
2 14
22 38
22 3
13 39
40 11
26 26
11 11
38 21
20 39
39 22
32 21
37 14
1 20
37 13
30 15
25 13
20 37
7 7
4 36
22 2
38 41
21 35
40 34
11 17
23 15
20 29
40 19
19 27
28 27
25 11
7 20
36 18
5 2
2 27
17 19
10 11
40 21
4 2
37 40
17 30
35 33
16 18
41 11
30 1
33 22
32 12
23 11
7 23
17 29
25 18
8 19
30 27
22 39
25 37
15 8
2 25
3 30
23 26
37 41
18 27
33 32
23 23
23 8
37 17
13 14
37 40
27 16
13 8
31 27
33 3
18 6
3 26
25 30
26 20
9 35
9 0
28 36
15 41
5 15
41 5
16 21
12 31
15 28
36 18
20 10
16 28
8 11
27 33
14 17
36 37
28 25
8 34
0 16
41 40
20 27
22 35
27 16
6 25
31 28
24 38
0 27
22 3
11 20
25 25
24 39
4 22
31 15
20 37
40 15
39 27
5 3
29 40
36 6
37 19
32 13
30 0
0 22
2 32
15 6
3 23
0 35
29 39
13 9
34 28
22 16
14 8
31 31
5 1
22 8
39 14
4 26
0 30
9 11
16 41
31 23
6 3
9 10
23 41
9 6
7 1
19 3
19 16
0 4
34 34
21 36
4 1
16 9
6 8
2 14
2 41
8 35
29 26
39 18
20 28
40 19
6 35
5 14
16 27
9 23
1 5
2 4
0 41
11 38
22 5
15 13
38 3
8 27
21 38
12 33
1 24
10 21
40 13
41 14
26 31
34 29
8 19
23 17
10 11
25 31
15 34
16 19
9 13
41 24
23 1
6 4
1 36
17 25
28 24
32 34
24 0
26 21
19 26
37 19
23 39
22 0
29 5
28 5
7 9
32 2
15 33
17 31
38 26
31 10
29 31
38 7
30 23
8 2
26 6
19 8
33 34
15 7
23 34
21 10
1 23
17 7
40 7
22 33
36 23
38 14
22 32
4 16
24 3
7 12
16 12
22 35
12 36
30 1
5 22
24 14
36 30
40 1
39 8
40 11
33 30
16 7
6 38
3 1
35 36
38 0
11 26
39 0
7 6
20 22
8 18
13 20
17 3
38 6
35 11
2 35
15 23
29 30
14 33
26 7
30 12
21 19
11 4
6 22
30 8
23 0
38 29
4 22
39 21
36 38
6 36
13 15
28 30
17 0
37 11
19 16
29 28
33 7
34 13
34 37
5 6
32 21
1 22
16 17
22 7
31 22
28 32
23 5
21 7
29 21
11 28
6 25
39 6
19 13
8 10
32 21
38 8
19 20
2 39
29 14
3 18
25 36
14 25
34 32
30 18
0 35
17 8
10 32
30 2
22 35
9 28
5 40
3 24
11 36
40 28
1 16
37 10
6 18
30 21
41 40
29 22
23 34
29 23
4 24
15 1
9 32
28 16
37 28
27 33
10 10
7 41
29 30
41 34
7 6
12 24
18 23
3 2
26 18
20 39
18 20
1 35
14 35
4 7
37 33
14 24
14 17
13 36
10 10
9 8
13 33
39 1
35 34
31 40
38 15
0 37
28 20
27 2
24 4
5 34
35 8
40 4
35 13
4 34
19 12
3 11
31 16
36 18
17 10
3 3
39 13
31 0
4 8
2 24
0 6
5 22
29 1
30 34
40 12
13 5
12 37
14 32
2 41
38 41
22 3
37 3
35 31
12 29
0 9
14 3
39 37
12 27
32 38
22 14
16 8
0 39
1 13
7 20
16 27
24 11
13 0
35 11
34 32
1 8
11 23
14 23
31 26
20 28
22 13
29 0
18 34
23 21
1 23
10 27
34 2
9 9
16 23
21 40
0 11
11 12
22 40
32 8
20 37
7 15
10 16
9 34
8 38
17 21
11 5
17 31
15 21
25 28
36 20
19 37
10 33
0 41
12 36
14 38
7 11
32 30
15 33
21 7
2 1
37 22
30 27
12 16
9 35
21 34
24 18
7 11
16 8
21 31
38 33
37 22
22 30
27 41
17 23
38 13
37 16
2 32
37 17
1 6
19 18
29 15
10 23
9 8
39 37
39 30
19 37
31 34
16 1
33 21
15 23
1 5
14 11
33 12
17 13
28 28
5 22
30 36
36 33
39 14
34 34
10 10
3 31
24 5
18 14
39 22
22 36
11 18
41 17
31 24
35 29
9 32
6 18
31 3
10 9
7 7
32 0
11 1
1 30
40 38
20 32
32 3
22 6
35 11
10 5
33 35
37 32
11 16
36 12
19 6
36 0
35 2
25 41
40 8
20 8
1 18
38 28
20 35
37 1
41 8
2 41
3 22
4 6
14 23
22 15
4 2
22 25
34 26
20 10
11 16
23 21
5 4
8 35
37 40
26 0
11 22
6 35
4 8
11 33
30 28
37 27
14 0
1 2
18 10
6 1
33 1
16 5
34 36
12 33
41 26
1 16
38 40
10 8
26 41
25 5
5 13
30 35
26 37
22 5
28 7
3 41
20 17
36 34
27 25
38 8
1 24
31 17
35 3
5 21
33 40
24 36
18 17
13 16
34 32
28 5
34 8
24 21
40 18
27 1
17 21
41 30
24 1
41 6
23 40
31 10
9 13
26 5
27 17
4 15
18 31
38 5
33 37
2 8
1 16
13 26
4 33
20 3
2 22
33 20
28 19
12 19
19 26
8 13
26 10
40 26
17 6
0 28
12 37
11 9
15 7
39 33
27 2
1 11
6 4
39 16
2 39
38 15
20 6
7 14
13 24
1 36
16 41
17 33
37 2
35 27
0 15
30 5
7 22
12 18
22 36
8 23
14 32
14 26
12 23
24 34
30 34
0 40
36 18
8 22
2 14
39 40
21 32
23 30
12 16
28 26
15 8
34 0
19 17
39 26
36 17
24 26
22 40
31 12
30 20
36 18
17 7
36 37
28 41
39 24
27 35
30 33
10 23
34 22
9 39
3 16
27 24
36 0
40 33
19 5
22 3
35 26
8 28
9 9
31 8
25 21
37 11
35 2
6 27
39 34
29 20
34 27
21 7
10 37
29 17
8 1
15 19
13 27
39 21
14 18
5 29
30 2
29 37
24 0
27 15
37 18
29 37
10 39
7 0
29 29
26 7
7 10
29 34
32 34
1 15
10 9
6 1
11 11
9 26
35 18
25 20
1 33
27 24
8 19
23 41
19 5
32 19
17 22
26 8
28 22
29 36
3 1
32 28
14 19
15 27
9 13
16 2
6 24
11 18
19 21
38 7
34 26
28 18
12 24
20 0
26 38
11 38
8 0
9 24
14 40
14 20
20 15
5 5
30 31
24 25
16 37
6 34
24 21
12 17
2 20
23 21
22 41
36 24
0 25
29 27
14 3
18 10
7 3
8 29
27 41
25 39
5 5
23 22
2 19
9 28
39 18
35 29
19 38
2 3
28 32
29 29
14 5
40 25
40 5
28 0
18 15
11 11
24 15
18 32
8 6
21 16
39 33
7 5
30 23
21 22
11 17
24 9
6 34
38 33
23 22
11 18
31 18
12 41
30 20
36 34
7 34
39 17
21 12
22 3
8 39
28 10
15 19
16 34
0 35
33 31
21 1
40 36
31 14
2 34
26 9
1 11
12 5
19 4
19 26
6 33
28 35
21 27
17 40
32 2
10 34
41 11
40 12
41 38
19 22
26 25
8 7
10 3
18 6
27 22
16 30
7 22
9 2
30 8
5 37
16 7
20 2
1 25
0 40
27 17
23 8
22 29
40 24
8 27
34 3
24 37
37 11
13 36
29 37
7 29
13 16
2 8
39 23
27 35
4 20
23 5
7 22
35 9
25 34
11 6
37 0
22 38
24 21
14 5
30 38
12 5
24 32
3 22
41 5
37 17
29 27
27 29
32 35
9 3
40 14
7 1
35 28
35 29
5 28
28 22
36 20
19 1
31 26
32 36
23 39
33 15
17 4
23 22
39 0
21 4
36 27
30 40
38 18
4 16
13 14
9 28
30 33
6 30
30 4
6 40
19 34
36 33
26 17
11 20
19 38
9 2
32 35
22 5
38 10
27 7
22 2
9 15
2 6
39 37
31 20
39 22
8 37
33 31
17 26
10 26
15 17
5 9
1 0
41 36
11 36
11 40
8 14
23 22
33 5
28 29
11 33
13 40
18 4
24 8
13 24
34 34
0 23
1 9
29 7
12 23
34 31
33 27
33 22
11 28
2 23
23 15
38 40
9 27
32 6
29 30
29 28
6 4
23 9
40 40
7 38
0 40
8 15
25 39
21 24
35 21
32 27
5 41
34 12
29 25
32 24
20 10
11 5
5 25
18 11
24 37
8 27
11 15
32 9
28 37
19 37
31 36
40 10
26 8
11 3
22 3
38 13
19 33
41 0
34 19
29 20
20 38
20 41
24 19
37 6
37 9
15 24
33 23
2 0
23 19
18 28
0 31
7 34
24 37
33 1
23 32
30 40
31 35
0 13
40 24
19 18
32 1
10 19
20 39
35 21
12 3
25 29
28 38
2 6
4 7
13 22
19 37
18 14
9 31
17 10
3 23
14 28
13 8
5 34
13 5
34 15
23 4
24 41
31 25
9 7
18 22
35 17
8 32
10 12
17 3
15 21
35 12
41 9
16 30
40 20
1 6
6 0
2 34
12 3
15 41
41 25
11 13
18 11
20 19
40 15
7 5
0 1
33 5
29 8
33 31
31 22
30 23
41 39
25 18
13 17
2 3
16 39
9 16
41 32
6 27
24 8
38 7
4 23
13 22
3 20
10 18
18 31
27 21
39 6
24 30
29 19
23 3
3 13
3 12
16 2
30 36
40 33
22 34
1 29
40 40
4 29
30 34
10 12
12 33
5 25
23 34
22 20
9 27
9 37
0 41
32 38
22 36
2 37
3 18
8 30
36 1
22 19
27 21
35 21
27 9
37 37
23 0
29 19
1 17
15 31
23 1
14 34
29 17
15 5
20 1
39 18
33 28
20 7
33 8
33 3
0 16
29 8
15 22
14 36
25 23
10 0
16 27
23 8
22 17
38 1
34 31
39 15
9 31
15 15
13 3
27 36
39 33
8 22
24 21
34 7
40 7
26 15
1 21
27 24
34 17
12 40
18 10
0 16
0 24
4 17
24 4
10 33
23 36
16 27
41 23
2 21
20 5
12 15
15 14
0 6
32 4
16 3
23 37
41 15
9 28
27 41
5 35
34 4
33 10
6 39
39 31
8 36
20 25
24 22
15 11
30 26
23 33
2 13
7 31
40 29
7 1
18 1
32 8
37 15
8 39
2 3
29 21
39 21
35 30
15 34
18 22
24 4
19 38
5 6
23 8
29 3
35 38
1 21
2 22
40 19
4 18
41 13
0 6
36 2
24 39
27 23
16 7
27 36
13 20
35 6
7 41
10 29
0 41
40 18
12 19
12 32
32 17
31 36
33 12
30 21
23 5
4 37
27 14
11 4
12 12
25 8
39 13
32 0
28 10
19 4
7 6
31 31
1 19
20 41
36 23
39 13
27 31
21 10
41 24
37 11
26 33
9 30
3 2
19 29
16 20
26 21
9 18
9 37
23 26
8 5
23 33
7 23
3 12
23 6
32 34
20 17
23 2
19 27
22 24
28 8
37 19
6 39
24 17
9 0
2 24
20 3
32 16
41 30
34 5
8 15
34 32
33 35
41 10
11 28
1 40
15 31
22 17
13 7
24 10
26 9
32 10
13 26
9 36
3 10
16 5
1 27
34 31
12 38
11 41
22 28
23 9
25 18
12 9
16 21
27 40
31 28
36 37
0 7
39 22
14 32
18 35
25 1
35 38
2 30
27 0
40 30
21 25
25 1
3 3
35 7
5 3
23 7
1 6
40 41
31 1
2 27
10 15
7 17
29 19
20 10
8 30
36 30
30 7
7 19
5 0
9 7
8 22
17 29
14 38
0 3
34 36
14 14
41 41
8 11
12 29
4 38
21 10
35 38
35 36
12 29
18 24
13 37
4 28
9 1
38 31
11 29
10 13
26 16
29 10
13 28
31 41
23 0
2 16
4 33
13 6
34 23
3 17
9 28
21 4
35 39
11 12
41 18
12 39
35 33
22 17
6 36
32 5
3 9
11 7
14 39
16 33
41 8
22 14
13 6
30 20
32 25
35 9
21 22
6 9
36 15
39 3
41 28
3 41
34 41
27 4
9 24
11 38
5 26
39 31
37 20
2 15
36 27
25 9
29 23
3 1
30 29
40 25
5 36
37 10
20 34
29 40
40 5
22 19
33 37
12 4
13 5
2 24
26 25
2 1
31 13
4 31
7 18
29 21
2 32
13 27
11 33
33 1
27 28
39 20
13 17
24 23
10 12
4 11
23 8
30 9
37 36
35 37
15 19
30 32
19 31
33 35
28 28
13 3
4 25
8 9
14 12
16 16
31 27
15 27
13 22
19 5
13 38
9 2
2 2
10 28
31 22
34 8
6 3
0 19
23 34
40 27
19 1
18 11
26 41
18 16
0 13
10 20
35 7
27 39
25 24
38 23
15 25
31 2
15 17
35 9
15 37
19 37
22 6
31 39
8 23
15 41
29 35
6 26
9 26
9 3
24 6
25 40
16 27
28 14
6 40
15 28
23 32
16 11
6 35
10 20
7 30
40 30
36 11
17 34
28 2
12 16
39 4
38 8
1 36
37 8
3 18
8 36
12 6
1 6
16 33
21 28
24 40
15 20
30 25
36 0
37 30
9 23
20 0
1 20
36 35
1 9
27 20
10 9
19 11
33 23
24 3
31 15
12 38
4 30
27 34
36 11
17 10
37 0
33 10
40 23
41 15
14 31
6 14
4 21
14 31
21 34
36 34
7 3
23 1
24 11
22 6
29 26
4 35
41 23
25 22
0 15
0 6
22 3
32 36
15 0
18 30
16 29
26 35
11 36
28 13
37 35
26 11
38 10
10 1
40 38
25 31
33 2
13 5
11 30
36 3
20 6
5 41
12 41
33 5
17 38
29 20
15 13
24 34
26 27
17 27
39 4
23 35
3 36
24 17
8 29
33 37
2 32
22 17
39 17
37 17
2 34
0 21
15 14
14 34
17 10
11 14
1 15
14 32
23 31
31 1
29 16
2 35
23 25
28 38
35 26
27 27
20 34
13 3
29 28
37 8
26 40
28 16
5 34
4 30
4 8
1 26
35 18
13 31
21 22
15 27
37 35
33 0
8 12
19 37
38 25
39 36
4 11
29 16
37 39
11 34
29 4
26 32
27 16
21 1
36 34
34 4
12 5
36 17
35 21
5 18
39 20
14 12
25 32
6 20
11 21
5 14
20 34
21 18
21 24
14 23
40 40
22 29
8 32
23 30
24 22
22 9
30 9
0 30
32 15
26 34
17 35
32 24
34 34
23 21
25 28
3 39
18 11
0 7
22 30
33 15
32 5
36 29
36 5
8 5
3 40
37 40
6 40
22 26
15 32
14 19
26 34
16 30
18 18
20 21
17 40
34 29
25 33
20 33
18 20
38 14
4 32
9 18
20 13
32 35
25 39
21 20
21 37
34 10
6 40
31 23
22 5
0 26
37 36
34 33
26 18
11 7
24 36
16 38
11 25
18 13
35 0
31 6
28 11
24 33
12 14
7 9
36 35
39 25
11 41
32 21
21 7
28 35
41 28
18 10
38 24
21 29
41 2
11 13
20 10
13 3
40 15
9 37
16 9
4 20
9 18
1 7
1 24
22 21
4 5
8 15
26 29
14 12
39 40
40 12
18 31
41 38
27 13
35 39
27 10
2 37
37 29
30 31
24 15
30 32
15 23
18 29
6 23
5 6
36 1
41 16
4 21
38 31
31 4
39 17
26 7
19 36
27 25
38 11
24 39
29 36
40 26
10 30
9 35
24 23
0 35
26 7
25 41
5 11
8 2
21 35
24 8
33 5
32 14
23 18
8 33
40 38
28 35
18 24
38 5
14 8
7 16
30 21
35 5
0 26
11 5
33 0
35 26
7 18
21 30
39 26
36 8
24 17
14 26
35 20
38 33
29 22
22 22
6 12
40 29
17 35
33 33
1 41
20 30
15 36
23 6
29 24
16 35
15 18
37 36
5 32
31 26
22 3
32 41
17 15
28 12
7 14
6 35
15 25
1 14
21 34
5 25
9 8
7 29
8 20
40 17
9 11
23 37
27 40
30 23
36 13
10 12
19 36
4 13
8 12
36 12
41 24
4 27
39 6
7 3
10 30
19 26
41 18
27 16
24 30
13 41
19 41
7 2
36 20
26 21
35 0
4 38
9 6
7 13
24 37
9 11
22 31
33 41
17 39
9 23
17 27
10 23
20 9
25 6
29 24
36 18
32 0
12 36
6 23
39 8
20 37
21 6
38 19
10 12
6 8
20 38
23 40
37 27
18 36
3 4
9 0
17 27
15 38
36 26
22 9
23 36
18 11
26 25
39 31
9 30
39 40
8 13
38 5
7 29
23 21
5 28
27 7
14 27
6 28
30 32
31 36
24 21
38 29
11 6
18 25
10 41
26 39
23 6
8 9
29 33
26 2
11 23
24 34
15 4
12 34
8 6
32 35
32 15
18 29
38 8
39 19
9 30
3 6
11 20
23 25
13 19
26 21
40 35
40 28
28 12
30 22
40 21
21 15
10 19
37 19
16 7
17 14
2 4
22 8
34 30
11 8
10 28
26 31
22 7
0 20
0 39
22 10
14 15
31 10
35 38
8 33
17 32
38 12
10 34
21 40
12 31
20 0
15 14
28 11
14 27
35 35
26 14
1 33
33 2
16 18
36 25
34 14
2 41
12 13
32 5
17 34
23 13
38 39
30 11
1 32
2 18
18 23
35 20
13 13
22 39
13 22
11 4
18 30
7 32
12 39
13 22
18 40
27 39
10 41
4 21
35 40
31 31
6 20
25 32
31 0
5 18
0 0
2 40
11 4
17 30
23 35
36 29
34 19
26 6
38 26
14 16
1 0
3 12
36 3
29 24
39 20
3 17
30 40
18 1
30 7
8 24
34 25
0 2
16 33
2 17
19 37
17 33
9 16
25 13
34 16
1 15
35 24
14 40
35 10
8 22
22 18
36 2
22 23
38 29
20 1
23 40
22 34
36 34
5 36
36 14
23 17
30 31
14 21
11 8
34 19
21 7
27 25
35 35
27 3
11 36
33 40
20 39
32 21
13 17
14 18
4 9
29 33
16 15
33 41
40 22
8 8
23 9
