41 41
32 0
18 37
2 10
39 31
15 30
3 1
5 32
13 8
15 34
35 40
11 33
33 30
18 29
33 27
4 9
27 13
15 25
35 0
24 20
15 32
4 40
34 14
13 11
8 8
30 41
41 7
38 4
32 14
21 32
32 11
9 27
19 20
12 17
16 38
31 19
31 0
30 18
27 21
35 31
11 12
33 22
36 0
18 37
18 35
18 22
18 33
18 41
37 14
13 36
11 38
40 30
36 10
5 15
27 14
8 25
40 36
36 33
26 17
24 20
6 35
3 27
30 25
11 1
21 26
12 4
40 14
34 26
35 6
25 1
8 31
12 1
40 27
13 20
35 35
6 41
7 39
13 25
1 2
33 8
4 12
39 25
15 6
11 10
11 41
33 38
32 9
16 38
29 12
5 40
11 4
27 33
10 17
4 32
23 7
38 37
15 25
29 38
19 12
2 37
7 41
13 40
29 33
5 21
36 30
15 3
1 20
7 28
7 30
3 23
33 36
1 39
36 22
39 15
9 10
0 3
28 1
17 0
37 35
35 15
15 13
33 16
37 6
2 13
3 3
5 29
9 18
11 3
30 19
4 27
35 18
33 3
39 21
8 13
14 11
11 21
34 39
24 8
18 8
3 31
5 34
8 41
11 29
13 37
36 19
29 16
14 30
11 7
26 4
1 16
20 4
10 33
19 12
33 37
11 9
29 3
5 33
18 15
11 37
4 34
30 2
33 27
36 15
9 41
30 30
9 22
34 26
34 26
27 22
33 41
14 14
40 19
7 32
26 13
12 21
23 25
33 11
10 6
4 41
30 27
40 36
11 14
41 9
16 2
19 0
29 29
36 5
21 2
30 39
30 19
1 14
21 14
6 28
13 2
2 18
9 17
7 22
24 13
19 16
9 12
37 12
34 13
25 2
29 8
4 24
13 5
31 23
17 21
32 12
14 15
32 5
3 20
32 21
20 10
3 21
36 25
35 19
15 15
19 20
19 24
36 11
6 13
10 35
28 16
22 5
40 21
25 7
5 29
16 35
22 19
22 15
35 16
14 26
25 40
10 8
36 14
39 15
28 16
5 18
16 37
3 17
17 27
34 1
28 13
7 4
5 6
16 9
7 15
10 32
17 23
40 33
28 17
6 10
15 28
18 13
19 31
11 5
30 17
35 40
30 0
22 18
15 40
34 30
4 25
38 2
37 10
22 39
5 27
1 35
5 0
34 19
11 28
21 8
38 25
26 4
8 10
7 33
11 26
29 17
14 23
40 2
34 41
38 1
26 39
8 7
34 1
27 27
28 23
18 21
22 21
31 21
20 28
11 29
8 31
39 37
27 26
8 6
26 0
24 13
39 3
41 40
5 3
34 40
33 27
28 25
1 29
0 40
24 2
0 33
29 23
28 9
25 15
38 39
40 34
28 2
31 35
35 0
20 34
32 25
33 8
40 41
18 25
0 18
0 27
39 0
14 22
33 1
16 19
22 18
23 7
32 10
2 23
35 3
25 33
14 37
28 23
7 23
28 18
2 36
19 9
19 18
26 13
2 17
3 29
19 32
1 32
1 11
7 9
3 18
11 5
40 25
19 6
35 21
25 17
13 37
18 35
33 14
13 1
18 20
23 8
23 23
13 31
2 28
18 29
35 17
21 17
14 7
16 41
3 31
39 41
33 23
38 17
5 17
32 27
16 11
24 26
0 36
7 20
39 18
12 26
34 9
37 13
38 36
12 20
5 25
38 37
14 13
31 29
17 19
16 31
40 38
26 11
34 28
26 14
16 13
20 12
13 17
38 39
28 16
6 4
17 30
13 9
27 5
37 5
30 14
32 40
18 0
20 23
22 41
23 22
23 38
21 24
38 2
17 37
0 16
24 9
38 30
11 1
19 6
19 4
14 37
5 16
8 39
30 26
5 31
2 6
29 9
19 31
8 24
0 40
13 4
37 15
24 22
10 9
28 2
9 11
34 41
5 25
17 23
15 33
31 30
28 39
19 14
23 13
34 15
26 39
38 5
16 9
30 15
38 7
12 12
7 0
39 29
37 29
41 30
10 5
11 1
10 29
1 0
8 27
15 33
5 9
4 26
27 14
14 28
4 22
33 20
32 26
5 3
5 9
25 7
24 21
8 1
40 38
6 8
34 36
3 38
1 0
18 39
20 2
29 23
34 6
34 36
7 28
38 12
16 33
4 33
14 5
33 31
9 7
38 17
22 19
33 25
26 1
11 15
21 41
20 15
21 34
6 39
14 20
23 5
30 13
39 32
34 28
17 33
31 19
4 12
26 34
15 33
32 6
15 6
32 7
10 7
21 26
28 36
30 14
2 23
31 28
5 24
11 26
13 18
39 33
15 22
35 41
1 8
9 9
15 21
33 19
35 14
37 16
12 18
13 7
35 13
31 32
5 37
34 5
32 14
18 24
36 10
25 1
1 17
23 16
39 28
20 19
27 29
7 25
17 36
13 41
28 41
9 30
4 8
40 36
31 16
13 22
0 4
8 24
38 26
13 35
39 24
39 21
12 12
19 27
37 0
28 17
14 26
37 39
33 15
8 40
39 41
23 15
37 12
18 0
15 26
30 10
35 10
40 7
38 35
35 21
0 40
11 9
18 8
6 26
9 37
32 29
11 16
15 38
3 38
27 13
9 32
1 2
18 41
40 13
17 20
17 18
5 22
29 31
4 41
16 20
35 9
10 38
12 40
37 5
8 9
11 34
9 0
31 5
6 31
17 35
19 5
6 39
14 14
27 17
4 27
15 17
1 15
28 34
36 38
17 6
16 17
21 0
32 29
22 12
9 22
5 19
10 40
0 19
34 27
32 32
14 18
5 25
31 5
37 3
40 11
28 27
8 21
7 32
24 21
23 20
40 7
34 1
36 32
5 5
1 13
28 4
38 8
22 12
11 27
30 35
11 37
35 38
15 7
10 10
40 17
27 21
0 17
9 15
10 40
41 36
11 13
30 19
29 35
11 19
21 1
8 4
8 18
6 7
23 13
36 10
37 7
34 1
31 40
21 7
25 22
0 26
29 22
21 34
18 38
19 19
9 15
19 4
6 33
30 36
13 15
10 24
35 14
21 9
10 8
21 4
35 21
38 29
36 8
22 31
0 35
33 19
34 6
7 1
27 33
15 11
24 35
2 8
24 1
31 5
0 33
9 0
20 11
13 25
24 3
0 17
32 25
12 18
0 36
7 39
12 39
33 8
33 8
41 7
27 1
31 25
18 18
25 8
15 15
2 37
33 18
4 26
38 17
37 3
15 6
35 21
28 35
24 39
2 18
2 22
33 40
33 18
37 23
25 1
37 37
2 30
10 40
24 26
13 16
14 30
9 13
37 40
26 4
28 16
26 23
25 29
36 40
21 5
31 9
28 37
6 23
3 41
8 4
41 10
22 20
40 28
23 38
33 35
15 38
29 3
22 24
41 30
32 3
14 29
27 31
13 37
40 17
2 6
34 34
9 34
31 5
19 38
6 2
13 38
30 16
37 30
9 6
34 25
23 7
39 38
18 22
12 36
26 2
15 41
37 8
35 13
1 9
31 18
12 24
32 23
25 2
39 4
34 24
18 18
13 23
35 22
5 11
22 8
29 12
39 0
8 28
27 10
29 36
35 33
3 39
37 18
16 16
14 11
7 30
31 28
2 4
21 0
40 3
10 25
25 13
15 32
8 18
36 7
23 7
37 23
31 4
20 3
30 16
34 5
35 26
26 16
18 16
28 13
26 39
17 39
15 0
10 21
3 30
39 5
32 8
15 20
11 12
32 26
15 17
3 37
21 7
12 25
14 26
25 8
11 27
25 36
1 37
23 4
29 39
21 23
31 16
16 28
41 30
34 4
3 21
16 14
29 23
41 4
10 2
21 21
20 30
39 40
19 16
27 21
20 10
26 35
32 27
4 5
7 32
4 36
10 13
22 36
34 8
1 16
30 9
11 34
29 35
35 17
4 22
0 40
31 9
0 20
16 34
25 27
4 6
30 37
26 15
21 26
15 19
13 33
5 2
25 22
21 21
41 6
10 11
16 40
11 29
6 25
2 1
4 31
29 9
9 17
20 41
34 2
2 4
27 33
30 6
16 41
5 32
15 27
33 34
13 2
29 39
33 29
4 1
17 34
24 41
19 3
13 31
10 17
3 10
41 19
9 13
41 30
7 29
14 5
5 11
25 19
14 27
7 6
38 26
16 25
11 12
5 37
10 12
18 35
12 22
0 19
21 25
0 2
21 10
39 16
35 1
14 19
14 25
38 15
10 6
26 24
39 32
1 4
41 17
33 41
23 11
36 19
25 31
2 23
20 3
11 30
33 11
11 4
2 20
22 16
39 30
12 37
31 38
22 16
31 22
0 21
15 32
39 28
9 7
39 18
11 33
7 10
16 11
5 38
25 28
36 14
4 33
5 29
26 18
36 31
19 37
9 15
8 33
14 36
9 10
29 0
30 24
19 17
10 14
14 8
11 18
30 29
7 38
30 24
9 27
34 35
32 2
38 12
22 26
30 23
22 33
20 8
20 36
32 11
9 6
17 31
30 27
35 41
2 19
41 17
25 14
7 37
31 20
30 40
11 23
24 21
29 14
24 40
31 12
35 36
3 6
5 18
5 20
9 39
18 0
38 19
2 0
10 12
25 4
11 41
40 41
30 7
16 28
17 19
15 25
9 1
32 8
20 28
40 22
30 12
4 11
37 37
33 24
32 41
18 20
37 6
31 31
34 37
36 25
14 28
12 15
33 14
0 7
18 22
3 32
16 34
15 31
21 18
10 26
20 41
13 32
8 36
33 3
5 9
19 33
35 0
35 36
8 15
3 34
0 0
13 13
39 27
32 22
3 12
21 15
19 10
25 14
10 35
32 2
31 39
12 3
31 9
31 9
8 34
6 36
36 32
27 4
26 35
0 7
34 35
25 5
9 35
30 20
18 7
29 25
7 32
13 26
14 29
39 18
29 16
4 0
41 28
16 0
25 5
41 23
0 37
16 23
25 3
1 32
34 41
6 16
12 29
29 20
17 12
0 20
9 5
0 23
9 28
9 36
28 27
32 33
41 28
15 9
3 17
28 20
37 20
4 8
20 34
22 6
35 8
33 19
7 31
25 37
39 22
10 23
28 23
35 25
34 21
20 12
22 35
37 37
40 10
13 12
17 30
11 31
22 9
26 29
12 37
19 3
10 16
2 3
22 2
12 23
26 0
14 15
31 8
20 34
32 35
20 15
16 6
10 29
13 36
25 24
28 37
16 32
18 8
2 36
38 4
41 30
4 22
31 20
6 2
36 11
9 9
24 18
32 32
22 28
10 36
40 13
30 2
10 13
27 22
7 38
19 21
34 6
23 33
16 5
37 3
16 21
27 3
1 28
37 16
38 28
2 34
5 2
7 10
30 20
21 40
26 8
37 30
23 22
21 23
39 37
25 34
15 38
14 40
34 10
20 29
6 28
14 23
27 27
31 21
33 31
11 27
35 24
41 25
32 27
19 21
17 35
25 39
16 18
35 1
31 39
16 27
31 1
2 28
25 23
3 6
38 26
35 20
30 14
24 14
5 26
13 18
31 35
4 16
3 22
3 25
16 2
36 2
2 24
30 35
36 33
13 0
0 25
0 0
17 17
1 27
27 18
23 34
17 2
23 3
2 27
12 4
4 14
3 8
38 0
5 3
5 31
38 12
28 3
5 9
3 21
30 12
34 13
17 28
8 22
9 36
2 40
7 40
36 18
10 33
19 22
31 34
6 23
17 31
24 16
5 8
40 11
12 39
35 11
33 2
24 21
5 34
0 7
19 18
29 7
26 7
23 34
22 37
13 15
31 21
22 37
8 35
39 21
9 29
7 10
25 13
13 7
24 33
30 19
18 22
21 32
28 37
19 17
18 22
24 22
10 3
34 26
9 40
30 19
41 39
6 20
29 13
3 27
19 41
23 38
19 29
35 23
36 8
10 8
18 23
27 6
36 8
8 16
31 0
27 38
25 13
13 34
41 22
0 10
31 29
24 10
16 35
10 1
9 27
9 1
16 20
9 22
27 18
6 36
11 32
32 6
31 2
17 22
31 24
12 41
33 3
25 41
32 30
30 24
35 39
26 3
7 26
40 5
26 15
9 35
19 20
1 25
15 9
37 3
13 21
9 16
6 32
9 31
10 34
34 20
23 1
26 28
26 37
21 30
40 33
40 39
12 19
33 39
23 9
26 0
41 40
37 8
12 36
5 2
40 34
31 23
11 4
34 30
10 32
17 13
28 34
1 2
33 38
29 16
5 33
29 2
8 3
23 12
19 21
21 2
39 12
9 41
11 7
21 34
6 18
26 25
6 5
22 25
25 35
29 38
18 32
31 25
37 11
34 6
15 32
40 13
13 1
36 40
3 34
14 12
22 36
17 30
11 7
22 27
26 5
2 12
33 23
32 34
38 21
32 5
17 24
40 37
10 37
27 35
2 17
28 25
10 35
38 34
30 4
37 7
5 39
14 12
41 5
34 10
3 17
28 23
2 9
15 29
37 28
32 12
9 9
1 35
31 8
30 24
38 30
0 35
12 22
27 37
29 3
26 21
22 19
0 32
13 6
39 22
12 27
26 2
6 22
28 35
25 2
20 34
38 36
37 37
7 9
14 28
33 17
32 23
36 11
35 35
5 31
20 13
35 0
22 4
2 2
25 23
20 11
19 16
15 5
32 0
32 36
32 17
32 2
15 40
6 13
7 10
31 10
0 1
28 22
30 35
34 39
1 24
1 11
2 16
29 30
13 29
29 38
17 15
14 6
18 20
10 1
5 8
34 23
7 21
3 17
3 25
40 7
5 41
7 7
35 32
27 31
36 18
22 14
3 38
15 22
14 35
23 32
22 36
22 33
2 23
18 2
5 20
8 1
8 5
39 21
12 21
24 10
34 16
0 10
38 14
33 17
7 16
12 0
36 21
17 33
23 17
36 29
38 31
21 18
35 37
28 7
12 15
9 9
22 32
10 3
22 19
33 14
25 7
1 33
41 1
35 20
14 26
30 7
19 40
8 12
25 17
10 15
19 24
19 21
21 13
6 30
22 8
24 40
41 26
30 28
39 19
9 8
38 28
8 4
3 24
34 29
5 12
28 33
29 32
13 38
26 13
19 1
0 33
7 1
2 4
3 13
2 26
30 7
23 24
33 2
1 38
30 19
3 39
21 33
30 25
31 11
12 17
1 7
0 19
16 37
26 40
29 19
8 4
37 15
22 13
39 34
4 23
1 27
24 26
14 12
24 35
0 2
27 38
36 41
20 35
36 3
4 1
34 30
26 11
35 39
39 9
7 41
13 16
19 2
3 1
15 29
0 41
20 32
31 14
37 2
29 26
39 11
0 3
14 20
37 5
19 13
3 20
9 9
20 18
22 18
7 28
19 5
25 35
27 32
0 24
4 31
36 3
40 15
10 26
35 29
27 31
22 11
36 32
31 14
22 29
14 0
4 12
8 31
22 41
3 29
21 26
5 36
21 17
33 6
17 2
24 39
8 25
6 25
31 10
15 4
18 6
26 24
38 19
7 34
12 41
22 31
0 11
3 20
9 11
23 13
28 39
18 10
37 9
4 7
11 18
28 10
31 27
35 28
30 37
26 30
34 7
39 10
24 19
8 11
21 12
25 14
11 4
41 25
34 17
20 31
8 40
19 16
41 5
26 10
26 2
17 23
40 5
40 37
25 35
28 4
39 32
4 33
20 13
0 26
33 28
7 21
4 32
25 37
7 5
17 16
30 22
37 4
6 29
5 3
20 32
22 16
20 10
30 36
15 25
34 12
15 6
27 24
37 19
33 31
26 9
18 6
19 20
4 21
36 16
35 40
32 31
30 20
23 28
12 14
16 16
15 13
17 14
34 28
38 25
33 2
21 4
37 6
1 5
15 2
15 7
5 2
25 19
8 8
21 21
21 29
33 2
14 17
6 5
25 41
35 24
8 2
8 32
33 26
25 19
31 26
41 20
11 5
31 26
6 28
37 10
31 25
39 19
13 14
38 0
27 39
32 32
29 20
3 36
21 8
12 39
20 0
7 39
34 35
34 11
19 25
18 41
24 10
25 24
17 38
25 12
41 31
28 22
18 13
11 27
40 16
1 6
38 31
20 37
5 16
2 4
11 6
30 16
22 15
39 10
2 6
33 30
41 12
34 37
17 28
1 7
12 18
18 17
17 11
3 19
3 21
22 37
27 22
27 18
5 12
24 1
32 29
17 38
41 2
10 0
32 8
10 2
24 5
29 24
12 5
19 16
16 29
9 6
1 4
15 33
1 19
37 0
0 14
20 33
29 37
29 38
33 39
29 30
15 2
4 14
29 4
15 8
14 27
30 3
29 36
34 18
31 34
32 0
12 26
5 18
25 10
13 16
0 32
5 32
2 31
20 25
19 23
7 14
2 6
37 11
11 21
17 28
25 0
7 21
6 5
37 9
7 19
0 28
33 37
40 39
17 25
32 27
33 8
25 38
27 28
25 19
17 7
6 7
32 0
6 15
13 17
39 30
0 22
1 6
7 41
28 14
17 20
40 26
33 29
6 22
16 25
30 13
9 4
1 25
26 40
24 34
31 26
31 20
26 5
11 19
26 22
30 9
24 17
16 10
37 37
34 34
12 15
8 12
2 33
0 28
0 12
40 29
18 41
11 14
32 7
15 3
21 19
10 24
8 12
37 24
18 34
31 27
11 20
2 5
4 18
41 6
25 18
14 4
35 36
35 37
3 5
6 19
38 27
14 12
16 13
11 17
3 19
12 18
28 24
18 29
32 29
29 20
8 23
7 24
11 6
22 9
23 10
36 15
15 35
16 11
3 31
9 28
22 40
34 5
10 9
17 31
2 37
24 24
0 4
39 33
14 26
19 14
16 34
28 2
34 31
37 32
16 26
35 17
4 34
10 36
4 37
13 6
30 33
9 9
19 23
14 0
27 16
20 24
18 9
37 35
8 25
30 24
32 31
17 2
27 31
41 6
19 40
18 26
40 4
4 5
35 14
35 19
21 26
10 16
22 32
20 2
24 28
35 39
11 19
36 7
33 9
38 20
1 4
2 20
27 18
21 28
8 1
4 14
6 11
19 15
32 2
35 0
0 3
33 31
2 26
24 12
30 20
36 36
17 39
8 21
41 30
4 39
1 4
3 10
4 5
18 26
26 10
35 36
40 38
3 28
5 39
27 10
33 29
32 5
8 41
40 35
2 35
32 16
9 17
12 23
6 27
13 5
40 19
41 12
20 8
17 29
33 0
14 6
36 17
3 21
31 26
1 38
24 22
1 18
31 38
1 20
9 34
12 3
25 11
11 21
33 28
11 17
5 27
7 37
16 4
18 6
16 39
34 37
2 16
41 9
33 40
37 19
1 5
35 40
9 27
34 21
16 34
8 35
27 30
27 13
33 19
2 23
20 23
9 37
28 30
39 2
19 19
4 37
16 18
18 4
27 28
32 19
23 15
19 22
7 26
26 8
26 2
31 19
22 2
6 8
3 26
1 6
1 3
13 11
14 13
18 33
35 15
33 31
30 32
33 3
19 4
30 14
6 17
7 4
30 15
34 15
23 2
14 27
27 27
32 29
37 4
4 41
4 39
16 23
40 25
6 2
0 7
15 14
32 1
36 35
27 2
7 32
4 29
37 28
2 33
34 35
8 35
7 36
10 9
37 18
18 19
32 38
5 40
30 37
12 14
11 40
35 26
35 24
36 29
6 15
21 40
35 29
12 12
17 21
18 39
20 1
0 11
6 16
3 17
38 30
23 24
3 28
15 37
6 36
16 28
38 0
35 3
25 19
26 3
32 10
14 5
16 11
41 8
4 18
39 23
19 21
2 29
1 38
15 16
9 7
26 24
7 35
20 38
26 25
36 14
41 27
20 17
26 36
17 0
18 16
10 7
26 11
8 34
18 34
37 41
12 31
29 6
23 13
27 31
38 38
17 29
22 15
23 37
37 22
34 25
32 18
8 1
34 25
39 16
26 13
16 20
27 10
6 17
1 19
11 40
41 3
28 31
3 38
32 39
14 21
27 3
41 28
34 28
14 29
6 37
10 26
18 17
35 0
10 30
30 16
3 10
8 14
34 21
30 26
13 26
11 39
24 6
41 2
31 8
15 8
34 28
30 10
33 29
18 38
39 27
4 29
38 30
18 29
25 28
36 17
36 20
33 13
2 11
36 23
24 25
22 4
16 26
35 29
27 8
32 33
40 25
40 26
4 23
11 37
35 19
12 41
18 26
32 38
40 8
24 16
0 6
0 33
2 26
12 18
4 3
20 4
12 8
35 6
14 19
10 14
14 14
25 11
0 38
33 17
7 29
30 23
10 34
38 27
41 30
25 1
19 26
11 5
12 14
16 12
18 13
30 40
31 3
14 17
12 6
4 27
22 33
8 8
25 32
20 4
3 11
26 14
32 11
35 17
9 17
1 25
16 30
7 41
30 35
33 29
38 39
6 38
2 4
33 16
4 21
14 14
15 5
7 25
16 34
38 30
29 17
19 32
3 21
13 41
23 13
11 14
24 26
32 16
20 13
1 20
34 5
10 25
8 23
15 9
19 8
25 33
29 15
38 29
17 11
36 39
9 30
35 2
23 30
36 28
11 28
24 13
0 38
13 11
37 28
6 3
22 23
26 28
24 1
34 8
15 8
11 15
26 40
30 7
14 3
29 37
25 4
23 4
39 39
15 6
32 15
40 19
20 9
21 16
18 24
0 33
28 8
22 9
29 25
14 19
27 38
38 17
25 5
15 38
4 15
0 8
11 21
30 30
11 41
37 5
5 7
27 23
33 9
1 39
30 26
3 5
17 7
2 39
21 19
20 21
18 20
22 14
41 32
21 37
13 19
37 31
22 6
8 38
21 31
7 1
28 19
27 6
34 9
27 16
11 17
5 14
28 16
8 18
8 32
20 15
18 18
35 34
1 5
1 1
8 18
27 39
7 1
27 21
24 0
6 31
24 21
22 5
21 29
12 27
22 5
0 33
17 38
41 37
22 41
38 39
40 1
18 4
8 22
15 35
9 29
40 12
22 1
37 28
5 18
24 14
2 35
21 29
37 20
26 3
41 2
10 3
9 36
38 34
11 32
3 8
0 28
25 14
25 5
32 36
34 6
9 30
32 28
2 6
16 0
17 33
20 27
16 31
36 12
29 7
11 18
1 37
6 24
0 33
18 27
1 1
31 13
7 2
22 20
35 22
11 33
16 23
34 20
39 30
24 12
40 6
12 13
38 10
14 20
10 0
13 34
32 9
26 40
6 31
21 20
26 12
32 7
2 2
34 32
40 19
12 10
9 34
11 34
9 22
3 10
25 8
12 36
29 6
13 1
38 26
5 36
17 26
7 39
8 14
13 14
17 40
37 13
10 9
38 7
30 34
20 18
32 4
25 27
22 29
34 30
23 9
3 19
32 32
30 1
37 25
20 22
17 26
22 13
11 40
24 8
41 0
4 40
5 5
34 6
0 28
36 9
4 29
2 38
16 36
38 5
22 15
35 5
27 6
23 0
22 40
38 17
27 41
34 36
34 32
33 5
29 28
33 31
35 18
35 14
34 38
38 28
0 38
21 33
33 35
36 1
39 28
13 25
8 30
41 5
22 33
5 11
18 8
36 0
0 9
36 15
15 28
7 16
20 2
30 30
41 13
30 14
16 8
1 31
23 27
33 4
21 30
26 5
6 18
20 16
23 36
31 10
22 38
0 37
9 29
19 36
15 36
39 22
8 33
14 39
21 24
13 41
25 41
28 39
10 40
28 0
17 0
4 7
29 38
24 40
9 35
9 8
6 23
38 25
15 4
36 17
19 16
23 19
1 37
13 20
18 7
13 1
16 26
11 35
0 32
33 30
27 29
18 24
33 6
3 20
13 0
0 12
13 26
40 16
11 8
0 9
20 40
10 9
39 19
35 12
37 36
5 15
5 11
7 33
36 19
36 18
34 31
29 29
0 32
38 6
8 24
23 29
27 34
38 3
36 18
40 18
23 35
40 9
11 36
32 4
2 29
4 20
32 25
24 41
16 24
10 39
2 13
8 38
18 9
36 1
32 7
30 3
37 41
18 13
35 31
14 37
4 30
41 29
29 27
12 8
20 32
10 10
30 14
28 13
16 28
30 31
30 5
14 39
0 8
28 5
35 10
7 10
17 5
32 11
32 23
9 30
21 7
14 8
21 4
4 9
17 8
15 4
8 29
19 21
29 9
36 16
9 11
13 32
16 22
24 12
5 24
36 29
23 3
26 35
18 20
36 0
8 34
35 22
21 3
34 6
26 22
13 37
21 28
28 0
38 39
40 31
8 14
18 9
4 33
25 25
31 13
1 23
27 9
29 37
41 27
26 29
10 7
35 39
39 36
9 2
25 39
29 29
28 25
19 16
38 3
39 0
11 13
31 20
19 8
0 16
9 20
12 30
0 21
8 34
14 13
27 14
39 16
6 17
3 26
15 20
3 10
34 17
13 25
19 36
41 24
37 40
32 23
30 10
40 6
10 21
37 21
2 19
28 16
7 21
37 2
27 22
34 17
13 5
24 31
2 41
18 5
32 32
4 25
19 22
24 0
18 22
32 12
32 8
16 11
2 14
39 7
34 41
23 11
13 23
16 7
16 41
19 7
26 5
33 13
39 11
1 22
28 8
24 33
13 28
6 40
40 9
2 24
8 13
4 22
25 28
37 21
10 25
15 33
38 26
8 16
16 38
29 2
28 5
30 39
36 25
24 2
32 40
36 37
20 8
23 31
34 6
35 20
0 36
6 17
13 19
33 33
38 20
15 38
34 17
28 12
9 5
10 30
36 25
16 15
24 20
3 0
16 40
34 32
7 32
5 32
7 17
0 18
21 40
37 15
18 32
0 5
35 32
29 36
20 10
0 40
24 29
37 21
1 41
24 18
29 20
3 34
5 25
23 29
29 40
36 23
31 16
36 8
1 28
25 12
31 31
23 1
41 11
2 35
12 19
39 12
22 28
9 34
25 26
1 14
16 26
23 8
11 31
34 21
17 7
17 35
29 17
24 4
16 28
10 27
15 16
3 7
5 30
26 22
5 1
38 24
34 33
12 2
35 37
22 24
6 2
37 8
3 22
32 11
41 39
37 21
30 21
6 3
16 0
8 34
7 8
37 16
2 28
19 17
16 1
8 36
31 16
33 5
5 0
39 22
22 3
26 14
24 4
34 31
40 0
18 18
20 24
15 18
27 16
16 10
28 33
33 41
22 37
23 37
18 5
37 3
40 9
18 9
1 22
33 2
2 33
35 8
1 4
25 20
2 41
15 40
11 6
32 4
33 15
16 30
18 13
10 34
33 31
3 21
31 33
14 2
8 6
36 14
23 31
8 6
6 25
4 26
29 6
41 10
22 29
7 20
31 35
1 27
29 7
24 28
0 25
14 35
1 26
9 21
13 36
20 30
27 0
19 41
7 16
24 17
13 4
18 8
7 19
33 9
34 38
23 19
23 0
40 6
18 35
24 31
9 3
27 7
38 28
13 12
40 2
4 1
37 2
38 13
41 1
30 10
15 18
29 40
37 10
40 0
29 14
21 38
39 2
4 19
36 8
3 24
13 8
34 19
1 10
32 5
4 29
1 1
26 29
37 23
17 33
36 22
24 6
1 16
20 38
8 10
3 34
15 22
14 25
39 14
10 35
22 17
41 40
41 28
4 15
15 2
26 4
41 34
27 21
17 35
13 40
22 15
10 14
24 20
9 1
27 7
16 17
9 2
15 4
2 6
13 34
27 37
20 12
0 6
30 9
16 31
28 30
36 11
33 4
20 17
30 27
15 8
16 27
22 21
16 32
38 39
22 19
1 11
41 11
28 13
27 34
27 20
37 17
40 9
41 14
31 14
11 27
32 41
8 5
16 7
9 23
27 27
28 28
36 27
24 31
28 20
17 10
31 40
15 11
21 26
37 30
35 38
16 41
41 20
26 37
40 2
40 7
39 12
13 12
1 30
31 1
38 12
27 5
35 28
26 3
8 3
36 33
40 35
32 18
20 22
10 14
10 37
32 4
9 8
24 19
40 21
31 12
40 14
18 15
17 32
3 9
18 14
37 17
29 37
34 29
22 5
0 10
22 5
2 35
35 0
27 21
5 3
34 36
25 35
40 9
4 37
27 9
34 12
6 12
30 6
26 34
2 9
34 20
38 4
29 4
36 1
3 36
41 0
15 30
15 25
4 30
36 17
41 30
10 11
26 11
0 39
36 33
1 5
33 3
36 18
17 0
40 15
17 1
9 23
26 30
5 11
26 35
37 25
5 34
19 22
9 36
14 4
13 17
40 18
7 35
36 40
25 25
3 31
9 13
17 11
32 41
32 16
20 29
27 7
40 1
15 11
24 9
35 21
26 8
39 16
31 33
27 14
30 31
35 13
15 4
21 11
16 31
26 13
12 21
10 36
32 10
12 16
6 15
22 4
40 7
0 29
23 22
23 36
25 23
4 19
6 0
28 1
26 12
12 12
26 14
18 25
21 22
5 9
14 17
40 34
14 1
10 37
22 25
3 41
6 24
6 27
7 34
6 7
21 32
17 6
23 17
8 31
10 23
35 35
25 4
26 28
1 35
23 0
6 22
19 3
19 1
16 5
27 24
41 28
6 6
28 3
19 23
1 37
32 31
5 34
24 41
19 17
37 31
17 37
33 24
9 0
30 2
12 38
34 13
7 21
13 25
34 13
5 37
40 6
23 8
9 10
2 26
1 38
24 27
39 20
35 15
30 35
6 37
6 14
38 15
27 38
3 16
15 27
39 15
16 25
29 6
25 20
29 25
1 40
37 31
2 15
32 14
20 5
41 17
25 10
14 28
12 29
3 5
12 4
1 20
39 40
40 27
31 24
31 18
36 14
26 14
35 37
19 21
16 35
17 1
36 41
4 27
18 12
38 31
19 22
31 29
39 25
10 17
6 13
37 31
24 27
24 12
39 12
16 26
35 9
29 6
15 6
17 10
28 33
14 20
23 32
27 40
6 30
30 13
10 20
16 24
1 28
7 0
4 28
29 38
19 17
4 9
18 16
16 1
12 40
20 34
6 34
23 39
1 35
26 36
3 4
33 34
6 13
6 25
16 23
6 14
27 10
11 27
21 6
32 33
1 40
2 32
9 0
4 25
16 36
26 22
36 30
8 30
21 23
17 29
5 35
25 11
5 34
33 33
27 13
31 20
13 5
14 22
41 21
1 12
36 41
11 15
10 2
31 28
11 41
27 31
0 21
17 13
20 3
24 1
9 25
41 13
32 31
2 3
39 37
2 13
25 40
35 36
22 29
18 9
31 28
5 21
41 2
0 39
39 28
26 28
10 14
7 23
25 24
35 22
14 3
36 41
4 26
10 31
29 6
10 37
34 23
41 40
9 23
15 15
3 22
32 17
30 40
27 38
11 12
4 7
34 6
18 11
12 21
27 21
34 22
9 8
17 8
39 19
23 17
9 29
34 8
1 34
26 37
33 36
3 23
37 36
8 4
29 9
30 20
27 39
39 7
16 38
26 39
16 17
12 3
10 27
6 11
34 35
13 23
18 8
3 34
16 37
41 29
34 40
10 41
37 26
7 19
21 22
19 41
0 26
16 18
14 4
32 18
10 24
27 34
28 6
12 28
0 19
32 10
5 26
22 0
34 25
0 9
33 35
23 28
17 1
26 36
18 10
41 41
17 23
2 22
12 27
22 32
31 38
23 9
11 28
24 10
10 8
31 36
27 13
17 0
13 39
5 37
12 2
27 35
26 41
22 32
30 28
4 18
40 2
12 29
18 20
38 8
26 30
34 34
20 12
19 16
33 12
0 17
11 37
38 10
10 34
30 8
4 31
2 32
11 16
22 20
34 41
33 38
22 1
22 38
25 13
27 38
31 6
19 32
10 20
40 6
18 21
14 35
8 41
20 17
27 17
21 26
17 5
27 24
24 41
39 12
17 5
22 21
18 13
14 14
19 26
22 11
33 23
6 15
30 36
40 25
40 6
40 8
35 25
13 5
27 19
22 21
27 7
34 30
11 18
16 41
8 40
36 26
3 23
12 4
21 13
28 37
7 28
19 11
22 20
26 27
31 25
22 6
19 17
17 2
32 6
39 3
33 37
41 9
5 11
1 12
0 6
33 29
3 31
20 3
17 30
34 36
33 21
27 25
31 21
36 1
41 4
29 12
10 27
41 30
14 36
10 19
12 14
29 13
21 38
19 12
7 8
39 38
37 39
15 10
23 6
21 17
29 33
37 39
20 1
15 0
3 37
26 22
32 1
24 13
3 17
30 41
10 11
23 12
30 40
8 33
18 30
18 2
40 16
8 41
13 26
26 28
24 22
19 37
20 33
6 20
1 28
30 36
9 15
10 7
0 2
30 10
7 0
36 6
9 0
12 21
13 36
29 21
4 6
27 31
28 14
22 23
14 38
28 26
17 2
25 14
34 41
30 29
6 28
7 13
34 11
23 27
26 27
1 11
23 3
38 15
16 39
8 38
35 17
3 27
32 41
3 19
33 11
11 26
29 10
9 11
35 25
0 23
26 4
29 8
21 33
38 24
10 25
14 37
34 30
3 19
21 26
40 6
11 15
9 28
41 25
3 11
27 13
5 14
24 25
26 35
22 37
3 31
8 15
33 23
12 38
37 39
9 33
19 3
15 22
8 21
6 17
1 8
19 2
32 37
5 21
24 16
11 12
4 28
1 19
5 5
12 4
32 0
33 18
34 12
16 24
1 35
41 33
28 36
32 25
22 38
21 28
6 15
24 8
38 14
13 6
30 12
14 4
19 0
25 32
25 16
9 4
30 23
11 12
0 35
7 11
31 24
3 30
38 14
7 27
11 40
23 27
31 13
26 15
18 10
30 7
24 11
5 33
5 28
39 31
8 3
25 25
33 35
8 9
20 1
13 25
5 28
30 35
1 28
13 18
39 36
1 33
25 3
27 19
14 4
32 37
7 16
10 28
40 20
39 18
0 24
20 16
2 11
9 41
27 21
9 17
27 19
16 8
8 20
3 26
17 39
39 19
20 34
6 23
40 24
23 29
18 33
28 26
15 19
0 36
3 41
3 7
2 40
21 24
7 4
12 1
26 16
20 15
22 6
17 12
15 26
10 38
32 14
2 40
39 23
33 39
17 12
34 31
38 0
38 14
25 22
38 15
7 18
16 35
25 37
15 27
37 39
13 26
38 22
35 16
16 11
12 2
40 34
6 12
41 32
17 27
35 37
4 36
34 16
31 30
6 40
34 30
37 33
5 21
30 36
32 35
15 34
0 32
10 25
31 20
14 10
37 13
10 1
6 29
25 35
27 22
18 2
39 23
1 4
30 41
41 4
3 17
0 40
19 35
34 25
37 39
9 16
25 26
19 28
11 34
0 6
39 23
14 11
32 31
6 15
2 8
15 38
0 19
28 36
18 9
15 19
14 10
35 40
7 35
5 16
28 5
8 1
41 33
2 4
11 11
9 30
8 27
12 34
26 12
28 29
10 22
41 14
30 3
40 0
26 5
27 24
7 0
40 33
20 9
22 31
24 21
24 24
17 1
10 41
10 31
13 27
32 5
9 33
31 31
23 30
30 29
32 26
5 3
7 26
24 26
20 34
3 26
35 20
36 39
37 35
5 15
22 28
11 4
17 5
40 13
18 17
31 35
3 32
17 8
14 4
37 24
25 6
5 1
18 38
40 29
31 7
34 14
39 15
7 20
19 2
28 31
24 11
17 2
4 3
2 29
12 15
0 2
20 23
9 9
7 35
6 31
17 24
4 11
7 24
37 8
17 41
17 7
1 0
25 14
40 34
23 35
10 15
18 21
40 10
35 2
39 20
20 21
13 7
35 40
38 15
0 15
24 26
23 6
37 24
28 4
3 41
24 38
4 37
5 39
9 40
15 16
36 2
32 18
22 11
19 30
20 41
14 2
38 6
36 41
21 34
20 26
3 34
1 3
11 0
36 38
36 8
0 19
1 23
41 38
6 22
31 30
33 14
34 26
39 29
37 38
18 27
21 27
21 16
20 1
3 11
14 35
16 8
0 19
34 39
20 28
34 19
9 28
9 32
6 17
32 30
17 20
16 40
25 36
26 8
13 22
33 23
20 3
9 8
2 16
31 36
28 39
11 39
7 25
28 34
11 5
32 8
32 26
38 8
30 33
11 1
32 38
15 26
21 15
38 11
41 17
13 24
33 0
29 9
8 19
25 1
23 39
41 21
24 13
16 30
22 10
36 23
30 21
28 14
17 13
20 29
22 32
35 25
14 21
20 34
28 39
36 28
18 14
13 25
12 12
34 25
8 41
14 1
18 2
5 21
32 14
25 11
22 36
38 7
16 8
19 34
4 25
24 24
20 26
40 17
40 20
14 5
18 23
38 18
17 9
7 11
33 22
29 31
34 6
27 41
32 3
6 12
4 17
12 23
37 38
8 0
37 14
8 20
20 41
27 28
35 37
34 34
17 34
24 27
17 14
14 2
40 9
38 35
35 9
9 37
8 40
32 34
37 38
37 9
19 12
4 10
26 29
23 4
20 5
9 37
34 40
26 8
6 21
11 11
11 8
4 23
12 2
1 11
18 5
33 26
16 31
8 2
35 22
14 35
2 11
20 18
4 36
0 14
6 40
12 17
30 32
19 1
26 28
24 30
28 17
11 40
29 3
12 17
38 7
34 29
6 40
40 40
27 24
41 8
9 26
10 35
18 17
2 18
32 18
22 39
27 2
18 15
7 4
40 29
37 39
15 36
39 3
29 3
20 31
32 33
11 15
35 18
27 3
5 41
5 5
16 11
32 17
14 27
31 17
17 24
5 4
39 33
13 13
38 22
5 17
30 32
12 33
27 4
27 19
2 24
39 18
5 22
41 16
22 36
1 14
20 11
6 15
33 26
40 18
1 8
21 33
38 8
13 9
37 1
16 19
17 3
3 6
12 3
5 11
23 21
16 6
4 28
11 32
41 0
16 14
14 14
21 4
23 18
40 14
32 23
17 33
22 16
13 37
11 23
13 13
35 33
7 10
19 14
40 41
28 0
34 23
14 36
38 8
41 25
8 17
11 1
19 34
29 12
16 25
22 39
6 14
33 7
35 4
27 16
1 13
25 7
23 4
28 2
30 28
18 20
34 16
33 14
31 5
20 30
16 39
18 0
3 37
37 13
23 31
22 30
23 11
27 14
7 41
24 28
18 40
31 26
12 26
4 31
13 36
7 34
7 31
5 7
27 14
16 8
36 2
1 28
41 17
0 4
28 30
2 36
12 33
24 30
1 0
39 36
10 20
8 14
32 13
6 12
25 31
19 18
23 11
3 31
2 0
17 4
35 6
28 36
20 35
2 38
38 18
3 34
4 28
38 19
0 34
9 32
10 4
26 8
30 18
0 15
40 39
26 24
7 31
19 35
23 22
39 24
3 5
15 22
36 26
19 15
23 11
2 21
25 27
39 26
31 7
35 26
23 28
24 3
30 31
33 27
40 29
34 41
5 31
13 38
17 21
3 3
34 18
13 21
15 15
39 16
15 18
0 15
7 37
18 26
23 20
8 14
39 38
29 13
13 12
17 9
17 26
39 11
27 36
13 11
32 30
34 35
10 33
36 28
5 10
29 24
24 0
13 34
36 39
9 12
17 26
1 14
38 7
12 13
10 16
32 32
7 27
17 4
30 1
30 32
18 22
1 11
36 25
18 35
19 33
27 0
8 32
14 25
10 39
31 35
9 13
0 36
7 37
30 32
27 25
2 4
18 40
39 36
7 25
17 9
32 6
1 24
3 10
40 17
13 37
28 20
37 30
31 36
39 20
39 29
23 38
1 14
21 2
14 22
33 21
1 19
34 33
20 13
8 32
0 8
8 10
11 7
11 39
19 7
13 3
1 16
27 8
24 18
3 31
32 36
22 14
41 12
14 27
24 27
39 20
32 5
19 22
25 38
18 19
23 16
30 29
9 39
19 24
5 8
14 36
4 14
7 24
17 5
0 2
34 15
9 32
29 39
19 12
11 35
12 24
20 26
29 18
3 39
22 38
19 15
19 20
11 1
38 41
36 12
3 32
31 36
37 37
40 14
4 28
8 26
13 26
27 34
20 0
27 19
10 1
35 17
26 22
0 35
18 30
18 18
12 40
15 14
30 29
1 15
24 25
39 39
20 40
26 29
28 30
30 18
11 41
41 23
17 0
20 20
27 10
29 40
4 20
28 11
16 13
11 25
3 34
12 21
34 11
41 25
27 1
21 10
28 7
28 30
40 3
2 37
17 4
3 27
18 35
39 13
34 15
23 19
31 7
5 41
14 34
5 22
6 25
9 39
12 36
20 23
37 9
34 7
8 16
33 34
15 23
40 24
31 31
1 0
8 15
26 39
11 5
36 17
12 29
22 33
3 14
5 5
20 41
36 14
13 17
4 6
16 30
7 27
8 38
2 41
15 39
39 31
23 7
30 2
19 11
30 40
8 41
25 14
8 33
7 4
0 36
2 9
31 24
7 33
27 0
28 37
17 39
12 12
35 21
10 24
36 5
7 34
26 26
4 20
29 4
32 0
10 38
33 23
21 36
31 4
16 24
2 8
26 32
0 31
12 8
25 18
26 5
23 15
14 26
26 16
2 2
30 9
8 18
29 14
20 8
29 37
2 3
0 13
30 33
21 38
31 13
41 36
19 28
5 20
23 17
24 5
40 13
33 31
22 28
9 0
25 39
39 12
8 9
25 6
39 26
16 16
34 5
2 23
4 39
29 40
0 6
20 19
30 40
4 3
6 2
41 3
28 25
18 11
15 9
20 12
24 27
29 14
26 8
20 7
8 6
0 20
4 5
8 30
36 6
19 7
27 27
9 15
24 18
17 25
27 0
16 38
32 41
6 12
17 36
36 37
34 38
21 2
16 15
4 17
15 31
33 1
4 33
4 3
6 10
10 10
15 40
11 14
19 30
6 16
24 9
25 13
38 17
25 22
12 22
1 28
22 2
19 18
10 3
31 11
10 25
36 6
19 33
25 38
7 29
27 34
11 32
12 30
32 33
17 26
6 29
35 5
17 24
29 34
22 28
27 19
25 32
29 17
36 24
14 21
13 17
32 17
5 38
11 37
36 38
37 1
18 38
29 16
7 22
19 0
33 26
7 36
12 12
14 41
29 29
31 18
38 34
21 7
7 17
36 1
10 0
9 36
18 28
24 9
19 37
28 26
19 25
19 40
16 12
28 3
22 25
36 5
20 4
19 34
22 6
3 19
7 35
16 26
17 17
25 39
8 6
35 5
8 37
28 9
3 9
41 4
14 28
34 32
12 34
15 12
29 14
39 28
12 32
20 40
11 34
34 26
17 7
7 18
7 21
30 29
3 15
15 38
41 0
21 38
31 4
21 14
31 20
22 17
18 8
9 9
18 19
20 39
9 14
29 8
40 8
41 4
34 18
18 32
2 36
20 39
36 1
40 14
2 10
34 26
13 1
16 25
5 39
11 9
38 23
14 7
30 31
9 11
8 40
34 40
8 40
9 40
5 37
38 5
29 14
33 7
4 41
41 26
39 41
24 2
9 7
9 25
38 12
39 33
12 32
13 22
24 20
23 2
25 28
7 9
27 4
37 13
38 31
18 16
26 32
32 26
17 34
36 20
19 35
40 26
39 27
30 10
16 27
40 14
37 14
13 24
6 21
27 32
6 15
16 7
27 10
14 1
15 28
29 20
5 16
31 32
40 1
9 2
37 41
12 4
33 28
34 33
6 21
31 9
41 9
41 20
1 10
34 18
32 33
16 4
27 6
19 3
11 21
12 33
9 15
17 36
17 16
22 30
13 8
1 16
0 7
5 3
3 15
37 18
15 35
33 21
34 30
18 30
18 23
5 3
30 18
28 30
23 1
20 21
41 20
36 28
18 28
9 41
34 18
5 15
7 18
26 13
24 22
6 13
14 1
14 18
27 35
12 6
29 1
12 34
8 8
35 33
2 10
20 5
21 10
4 14
31 27
40 19
4 31
34 15
17 27
15 13
19 32
1 0
21 11
34 33
27 28
9 11
6 19
11 27
0 7
11 24
28 15
13 4
41 22
2 27
4 16
33 33
35 17
14 7
1 39
23 16
11 25
25 37
7 0
17 15
40 14
6 40
22 0
13 26
21 35
15 27
6 13
4 20
16 10
13 23
13 0
32 15
1 35
36 31
36 36
24 26
5 17
0 41
41 18
18 7
5 4
33 32
0 3
10 3
24 22
21 38
15 24
37 1
4 38
26 5
14 7
17 9
2 16
22 18
1 29
12 11
32 16
18 8
36 16
15 10
31 17
3 29
40 29
25 36
40 12
30 17
2 10
23 29
34 39
8 25
17 30
29 4
22 31
1 7
19 11
19 20
19 4
35 28
39 26
28 28
35 22
31 33
12 41
4 26
18 5
6 4
4 35
32 19
36 25
29 33
11 19
8 37
35 32
23 7
23 22
25 23
22 7
26 27
3 0
